OS: Passenger car ferry 2 (Dis.20300t)
Trainee: 
Exercise name: PrepareShips_Scenario_2
Area: Swedish West Coast 931
Exercise start time: 12:00:00
Exercise date: 4/25/2022
Step (sec): 1
Model version: 2.166.1432.169 / 0.0.0.0 / 2.91.3084.0 / 2.31.10.0

time,Local position X,Local position Y,Heading,Autopilot state,Autopilot course,Rate of turn,Port telegraph order,Starboard telegraph order,Port engine RPM,Starboard engine RPM,Port propeller pitch,Starboard propeller pitch,Port rudder order,Starboard rudder order,Port rudder angle,Starboard rudder angle,Bow thruster power order,Bow thruster gained power,Stern thruster power order,Stern thruster gained power,Distance made Good,Water depth (echo-sounder),Draft at ship bow,Draft at ship stern,Under keel clearance fwd,Under keel clearance aft,Current speed,Current direction,True wind speed,True wind direction,Relative wind speed,Relative wind direction,Significant wave height,Wave direction,Longitudinal speed through the water,Transverse speed through the water,Longitudinal speed,Transverse speed,Transverse speed at ship's bow,Transverse speed at ship's stern,Drift angle,Surge,Surge speed,Sway,Sway speed,Heave,Heave speed,Yaw angle,Yaw rate,Roll angle,Roll rate,Pitch angle,Pitch rate,Height above the water
,meters,meters,degrees,,degrees,degrees_per_minute,,,,,,,degrees,degrees,degrees,degrees,,percent_tenths,,percent_tenths,meters,meters,meters,meters,meters,meters,meters_per_second,degrees,meters_per_second,degrees,meters_per_second,degrees,meters,degrees,meters_per_second,meters_per_second,meters_per_second,meters_per_second,meters_per_second,meters_per_second,degrees,meters,meters_per_second,meters,meters_per_second,meters,meters_per_second,degrees,degrees_per_minute,degrees,degrees_per_minute,degrees,degrees_per_minute,meters
00:00:00,"9,580.07","-3,663.22","18.00",Off,"18.00","0.0","0.000000","0.000000","86.000000","86.000000","0.000000","0.000000","2.00","0.00","0.00","0.00","-60.000000","0.0","0.000000","0.0","0.00","0.00","0.00","0.00","0.00","0.00","0.00","0.00","0.00","0.00","0.00","0.00","0.00","0.00","0.02","0.15","0.15","0.02","0.02","0.02","0.00","0.00","0.00","0.00","0.00","0.00","0.00","0.00","0.0","359.60","1.1","0.06","0.0","0.05"
00:00:01,"9,580.12","-3,663.10","18.00",Off,"17.90","-0.1","0.000000","0.000000","86.000000","86.000000","0.000000","0.000000","2.00","2.00","2.00","2.00","-61.000000","-10.0","0.000000","0.0","0.00","10.00","6.52","6.68","3.48","3.32","0.00","0.00","15.43","200.00","15.29","182.00","0.30","0.00","0.01","0.15","0.15","0.01","0.01","0.01","354.33","0.03","-0.00","0.00","-0.01","-0.00","-0.02","0.00","-0.0","359.64","4.6","0.05","-1.8","0.04"
00:00:02,"9,580.17","-3,662.96","17.99",Off,"17.90","-0.6","0.000000","0.000000","86.000000","86.000000","0.000000","0.000000","2.00","2.00","2.00","2.00","-61.000000","-20.0","0.000000","0.0","0.00","10.00","6.58","6.66","3.42","3.34","0.00","0.00","15.43","200.00","15.29","182.00","0.30","0.00","0.00","0.15","0.15","0.00","-0.01","0.02","359.03","0.08","-0.00","0.00","-0.02","-0.01","-0.03","0.00","-0.2","359.74","6.4","0.01","-2.4","0.02"
00:00:03,"9,580.22","-3,662.82","17.98",Off,"17.90","-1.4","0.000000","0.000000","86.000000","86.000000","0.000000","0.000000","2.00","2.00","2.00","2.00","-61.000000","-30.0","0.000000","0.0","0.00","10.00","6.66","6.64","3.34","3.36","0.00","0.00","15.43","200.00","15.28","182.00","0.30","0.00","-0.00","0.16","0.16","-0.00","-0.03","0.03","359.57","0.10","0.00","0.00","-0.01","-0.02","-0.01","359.99","-0.6","359.85","6.4","359.98","-1.6","0.00"
00:00:04,"9,580.26","-3,662.66","17.94",Off,"17.90","-2.5","0.000000","0.000000","86.000000","86.000000","0.000000","0.000000","2.00","2.00","2.00","2.00","-60.000000","-40.0","0.000000","0.0","0.00","10.00","6.69","6.61","3.31","3.39","0.00","0.00","15.43","200.00","15.27","182.10","0.30","0.00","-0.01","0.17","0.17","-0.01","-0.07","0.06","1.69","0.12","0.01","-0.00","-0.02","-0.01","-0.00","359.96","-1.1","359.96","6.9","359.97","-0.1","-0.01"
00:00:05,"9,580.30","-3,662.50","17.89",Off,"17.80","-3.8","0.000000","-50.000000","86.000000","86.000000","0.000000","0.000000","2.00","2.00","2.00","2.00","-61.000000","-50.0","0.000000","0.0","0.00","10.00","6.70","6.62","3.30","3.38","0.00","0.00","15.43","200.00","15.26","182.20","0.30","0.00","-0.02","0.17","0.17","-0.02","-0.11","0.08","4.41","0.12","0.02","-0.00","-0.02","-0.00","0.01","359.92","-1.5","0.08","7.6","359.98","1.4","-0.00"
00:00:06,"9,580.33","-3,662.32","17.81",Off,"17.70","-5.8","0.000000","-50.000000","86.000000","86.000000","0.000000","-4.000000","2.00","2.00","2.00","2.00","-61.000000","-61.0","0.000000","0.0","1.00","10.00","6.67","6.64","3.33","3.36","0.00","0.00","15.43","200.00","15.26","182.30","0.30","0.00","-0.03","0.18","0.18","-0.03","-0.17","0.12","7.54","0.13","0.02","-0.01","-0.03","-0.00","-0.00","359.86","-2.1","0.21","7.6","0.00","1.3","-0.01"
00:00:07,"9,580.36","-3,662.14","17.69",Off,"17.60","-7.8","0.000000","-50.000000","86.000000","86.000000","0.000000","-8.000000","2.00","2.00","2.00","2.00","-62.000000","-62.0","0.000000","0.0","1.00","10.00","6.64","6.66","3.36","3.34","0.00","0.00","15.43","200.00","15.26","182.40","0.30","0.00","-0.04","0.18","0.18","-0.04","-0.23","0.16","10.22","0.13","0.02","-0.02","-0.03","0.00","0.01","359.77","-2.7","0.33","7.0","0.01","0.9","-0.00"
00:00:08,"9,580.38","-3,661.96","17.55",Off,"17.50","-9.9","0.000000","-50.000000","86.000000","86.000000","0.000000","-15.000000","2.00","2.00","2.00","2.00","-61.000000","-61.0","0.000000","0.0","1.00","10.00","6.63","6.68","3.37","3.32","0.00","0.00","15.43","200.00","15.25","182.60","0.30","0.00","-0.04","0.18","0.18","-0.04","-0.28","0.21","12.21","0.14","0.02","-0.02","-0.03","-0.00","-0.00","359.65","-3.0","0.43","5.0","0.02","-0.1","-0.01"
00:00:09,"9,580.39","-3,661.77","17.37",Off,"17.30","-11.8","0.000000","-50.000000","86.000000","86.000000","0.000000","-22.000000","2.00","2.00","2.00","2.00","-61.000000","-61.0","0.000000","0.0","1.00","10.00","6.63","6.68","3.37","3.32","0.00","0.00","15.43","200.00","15.25","182.80","0.30","0.00","-0.04","0.18","0.18","-0.04","-0.33","0.26","13.37","0.14","0.01","-0.03","-0.03","0.00","0.01","359.50","-3.2","0.49","2.8","0.01","-0.6","-0.00"
00:00:10,"9,580.40","-3,661.59","17.15",Off,"17.10","-13.7","0.000000","-50.000000","86.000000","86.000000","0.000000","-30.000000","2.00","2.00","2.00","2.00","-61.000000","-61.0","0.000000","0.0","1.00","10.00","6.64","6.66","3.36","3.34","0.00","0.00","15.43","200.00","15.25","183.00","0.30","0.00","-0.05","0.18","0.18","-0.05","-0.38","0.30","14.42","0.14","0.01","-0.03","-0.03","-0.00","-0.01","359.33","-3.3","0.52","0.8","0.00","-0.7","-0.01"
00:00:11,"9,580.41","-3,661.40","16.91",Off,"16.80","-15.5","0.000000","-50.000000","86.000000","87.000000","0.000000","-38.000000","2.00","2.00","2.00","2.00","-22.000000","-53.0","0.000000","0.0","1.00","10.00","6.66","6.65","3.34","3.35","0.00","0.00","15.43","200.00","15.25","183.20","0.30","0.00","-0.05","0.18","0.18","-0.05","-0.43","0.34","15.57","0.14","0.01","-0.04","-0.03","0.00","0.02","359.14","-3.3","0.52","-0.8","359.99","-0.4","-0.00"
00:00:12,"9,580.41","-3,661.20","16.64",Off,"16.60","-17.0","0.000000","-50.000000","86.000000","87.000000","0.000000","-46.000000","2.00","2.00","2.00","2.00","-10.000000","-43.0","0.000000","0.0","2.00","10.00","6.67","6.64","3.33","3.36","0.00","0.00","15.43","200.00","15.25","183.50","0.30","0.00","-0.06","0.18","0.18","-0.06","-0.47","0.38","16.66","0.14","0.01","-0.04","-0.03","-0.00","-0.00","358.93","-3.1","0.50","-2.5","359.99","0.1","-0.01"
00:00:13,"9,580.40","-3,661.01","16.34",Off,"16.30","-18.0","0.000000","-50.000000","86.000000","88.000000","0.000000","-54.000000","2.00","2.00","2.00","2.00","0.000000","-33.0","0.000000","0.0","2.00","10.00","6.66","6.64","3.34","3.36","0.00","0.00","15.43","200.00","15.25","183.80","0.30","0.00","-0.06","0.18","0.18","-0.06","-0.49","0.40","17.19","0.14","0.01","-0.04","-0.02","0.00","0.00","358.71","-2.7","0.44","-3.8","359.99","0.3","-0.00"
00:00:14,"9,580.40","-3,660.82","16.04",Off,"16.00","-18.7","0.000000","-50.000000","86.000000","90.000000","0.000000","-62.000000","2.00","2.00","2.00","2.00","0.000000","-23.0","0.000000","0.0","2.00","10.00","6.67","6.66","3.33","3.34","0.00","0.00","15.43","200.00","15.25","184.10","0.30","0.00","-0.06","0.18","0.18","-0.06","-0.51","0.42","17.63","0.14","0.00","-0.04","-0.02","-0.01","-0.00","358.48","-2.2","0.37","-4.7","0.00","0.3","-0.01"
00:00:15,"9,580.46","-3,660.66","15.79",Off,"15.70","-12.6","0.000000","-50.000000","86.000000","91.000000","0.000000","-70.000000","2.00","2.00","2.00","2.00","19.000000","-13.0","0.000000","0.0","2.00","10.00","6.63","6.65","3.37","3.35","0.00","0.00","15.43","200.00","15.26","184.10","0.30","0.00","0.05","0.16","0.16","0.05","-0.26","0.37","356.17","0.14","-0.01","-0.03","0.04","0.01","0.02","358.28","1.8","0.23","-9.1","0.01","0.8","0.01"
00:00:16,"9,580.60","-3,660.54","15.64",Off,"15.60","-7.7","-20.000000","-50.000000","86.000000","93.000000","0.000000","-72.000000","2.00","2.00","2.00","2.00","20.000000","-3.0","0.000000","0.0","2.00","10.00","6.61","6.67","3.39","3.33","0.00","0.00","15.43","200.00","15.28","183.90","0.30","0.00","0.12","0.14","0.14","0.12","-0.06","0.32","321.87","0.13","-0.03","0.03","0.13","0.00","-0.00","358.19","5.4","0.06","-9.8","0.02","0.4","0.01"
00:00:17,"9,580.75","-3,660.44","15.52",Off,"15.50","-7.1","-30.000000","-30.000000","86.000000","95.000000","-4.000000","-72.000000","2.00","2.00","2.00","2.00","19.000000","7.0","0.000000","0.0","3.00","10.00","6.60","6.66","3.40","3.34","0.00","0.00","15.43","200.00","15.29","184.00","0.30","0.00","0.12","0.13","0.13","0.12","-0.05","0.30","317.84","0.11","-0.03","0.07","0.11","0.01","-0.00","358.16","3.9","359.91","-6.9","0.02","-0.6","0.02"
00:00:18,"9,580.90","-3,660.35","15.40",Off,"15.30","-6.7","-30.000000","-30.000000","86.000000","96.000000","-8.000000","-70.000000","2.00","2.00","2.00","2.00","19.000000","19.0","0.000000","0.0","3.00","10.00","6.63","6.67","3.37","3.33","0.00","0.00","15.43","200.00","15.30","184.20","0.30","0.00","0.11","0.12","0.12","0.11","-0.05","0.28","317.17","0.11","-0.03","0.08","0.08","-0.01","-0.02","358.13","2.6","359.83","-3.4","0.01","-0.9","-0.00"
00:00:19,"9,581.04","-3,660.27","15.29",Off,"15.20","-6.0","-30.000000","-30.000000","86.000000","97.000000","-15.000000","-64.000000","2.00","2.00","2.00","2.00","19.000000","19.0","0.000000","0.0","3.00","10.00","6.64","6.64","3.36","3.36","0.00","0.00","15.43","200.00","15.31","184.30","0.30","0.00","0.11","0.12","0.12","0.11","-0.04","0.26","316.50","0.10","-0.03","0.09","0.06","0.00","0.02","358.12","2.0","359.80","-0.8","359.99","-0.7","0.01"
00:00:20,"9,581.17","-3,660.19","15.20",Off,"15.10","-5.4","-30.000000","-30.000000","86.000000","97.000000","-22.000000","-56.000000","2.00","2.00","2.00","2.00","14.000000","15.0","0.000000","0.0","3.00","10.00","6.68","6.64","3.32","3.36","0.00","0.00","15.43","200.00","15.31","184.40","0.30","0.00","0.11","0.11","0.11","0.11","-0.02","0.25","315.62","0.09","-0.03","0.09","0.05","-0.01","-0.04","358.11","1.7","359.80","1.2","359.99","-0.1","-0.01"
00:00:21,"9,581.31","-3,660.11","15.11",Off,"15.10","-5.0","-30.000000","-30.000000","86.000000","97.000000","-30.000000","-52.000000","2.00","2.00","2.00","2.00","0.000000","5.0","0.000000","0.0","3.00","10.00","6.66","6.63","3.34","3.37","0.00","0.00","15.43","200.00","15.32","184.50","0.30","0.00","0.11","0.10","0.10","0.11","-0.01","0.24","314.32","0.09","-0.03","0.09","0.04","0.00","0.05","358.12","1.4","359.84","2.9","359.99","0.3","0.01"
00:00:22,"9,581.44","-3,660.04","15.03",Off,"15.00","-5.0","-30.000000","-30.000000","87.000000","96.000000","-38.000000","-51.000000","2.00","2.00","2.00","2.00","0.000000","0.0","0.000000","0.0","3.00","10.00","6.66","6.65","3.34","3.35","0.00","0.00","15.43","200.00","15.32","184.60","0.30","0.00","0.11","0.10","0.10","0.11","-0.01","0.24","312.73","0.08","-0.03","0.08","0.03","-0.01","-0.05","358.13","0.9","359.89","3.1","0.00","0.5","-0.02"
00:00:23,"9,581.57","-3,659.98","14.95",Off,"14.90","-5.1","-30.000000","-30.000000","87.000000","96.000000","-45.000000","-50.000000","2.00","2.00","2.00","2.00","0.000000","0.0","0.000000","0.0","3.00","10.00","6.65","6.66","3.35","3.34","0.00","0.00","15.43","200.00","15.33","184.60","0.30","0.00","0.11","0.09","0.09","0.11","-0.01","0.24","310.37","0.08","-0.03","0.08","0.03","0.00","0.05","358.14","0.5","359.94","3.1","0.00","0.3","0.01"
00:00:24,"9,581.70","-3,659.93","14.86",Off,"14.80","-5.1","-30.000000","-30.000000","88.000000","96.000000","-48.000000","-50.000000","2.00","2.00","2.00","2.00","0.000000","0.0","0.000000","0.0","4.00","10.00","6.64","6.66","3.36","3.34","0.00","0.00","15.43","200.00","15.34","184.70","0.30","0.00","0.11","0.08","0.08","0.11","-0.01","0.24","307.08","0.07","-0.03","0.09","0.02","-0.00","-0.06","358.15","0.3","359.99","3.1","0.01","0.0","-0.01"
00:00:25,"9,581.83","-3,659.88","14.77",Off,"14.70","-5.2","-30.000000","-30.000000","89.000000","95.000000","-49.000000","-50.000000","2.00","2.00","2.00","2.00","1.000000","0.0","0.000000","0.0","4.00","10.00","6.65","6.67","3.35","3.33","0.00","0.00","15.43","200.00","15.35","184.80","0.30","0.00","0.12","0.07","0.07","0.12","-0.01","0.25","303.65","0.07","-0.03","0.09","0.02","-0.00","0.03","358.16","0.1","0.04","2.9","0.01","-0.2","0.00"
00:00:26,"9,581.96","-3,659.85","14.69",Off,"14.60","-5.3","-30.000000","-30.000000","89.000000","95.000000","-50.000000","-50.000000","2.00","2.00","2.00","2.00","39.000000","10.0","0.000000","0.0","4.00","10.00","6.64","6.65","3.36","3.35","0.00","0.00","15.43","200.00","15.36","184.90","0.30","0.00","0.12","0.06","0.06","0.12","-0.01","0.25","299.71","0.06","-0.04","0.09","0.02","0.00","-0.02","358.16","-0.0","0.09","2.6","0.00","-0.4","-0.01"
00:00:27,"9,582.10","-3,659.82","14.60",Off,"14.50","-5.0","-30.000000","-30.000000","90.000000","95.000000","-50.000000","-50.000000","2.00","2.00","2.00","2.00","40.000000","20.0","0.000000","0.0","4.00","10.00","6.66","6.66","3.34","3.34","0.00","0.00","15.43","200.00","15.36","184.90","0.30","0.00","0.13","0.06","0.06","0.13","0.01","0.25","295.28","0.05","-0.04","0.09","0.02","-0.00","0.03","358.17","0.1","0.11","0.7","0.00","-0.2","0.00"
00:00:28,"9,582.24","-3,659.80","14.52",Off,"14.50","-4.3","-30.000000","-30.000000","91.000000","95.000000","-50.000000","-50.000000","2.00","2.00","2.00","2.00","40.000000","30.0","0.000000","0.0","4.00","10.00","6.65","6.64","3.35","3.36","0.00","0.00","15.43","200.00","15.37","185.00","0.30","0.00","0.14","0.05","0.05","0.14","0.04","0.25","290.59","0.05","-0.04","0.10","0.03","0.00","-0.02","358.18","0.4","0.10","-1.1","0.00","-0.0","-0.01"
00:00:29,"9,582.39","-3,659.80","14.46",Off,"14.40","-3.4","-30.000000","-30.000000","91.000000","95.000000","-50.000000","-50.000000","2.00","2.00","2.00","2.00","40.000000","40.0","0.000000","0.0","4.00","10.00","6.66","6.66","3.34","3.34","0.00","0.00","15.43","200.00","15.38","185.00","0.30","0.00","0.15","0.04","0.04","0.15","0.07","0.24","286.16","0.04","-0.04","0.11","0.03","-0.00","0.00","358.20","0.8","0.07","-2.3","0.00","0.1","0.00"
00:00:30,"9,582.55","-3,659.80","14.42",Off,"14.40","-2.1","-30.000000","-30.000000","91.000000","94.000000","-50.000000","-50.000000","2.00","2.00","2.00","2.00","40.000000","40.0","0.000000","0.0","4.00","10.00","6.65","6.64","3.35","3.36","0.00","0.00","15.43","200.00","15.38","185.00","0.30","0.00","0.16","0.03","0.03","0.16","0.11","0.22","282.24","0.03","-0.04","0.11","0.04","0.00","-0.01","358.24","1.4","0.02","-3.4","0.00","0.2","0.00"
00:00:31,"9,582.73","-3,659.82","14.39",Off,"14.30","-0.9","-30.000000","-30.000000","92.000000","94.000000","-50.000000","-50.000000","2.00","2.00","2.00","2.00","21.000000","38.0","0.000000","0.0","5.00","10.00","6.66","6.66","3.34","3.34","0.00","0.00","15.43","200.00","15.39","185.00","0.30","0.00","0.18","0.02","0.02","0.18","0.15","0.20","278.69","0.03","-0.04","0.12","0.04","-0.01","-0.00","358.29","1.7","359.97","-3.8","0.00","0.1","-0.01"
00:00:32,"9,582.90","-3,659.85","14.38",Off,"14.30","0.2","-30.000000","-30.000000","92.000000","94.000000","-50.000000","-50.000000","2.00","2.00","2.00","2.00","0.000000","28.0","0.000000","0.0","5.00","10.00","6.64","6.65","3.36","3.35","0.00","0.00","15.43","200.00","15.40","185.00","0.30","0.00","0.18","0.01","0.01","0.18","0.19","0.18","275.59","0.02","-0.04","0.13","0.04","0.00","0.01","358.36","1.8","359.91","-3.3","0.00","-0.0","0.00"
00:00:33,"9,583.08","-3,659.88","14.39",Off,"14.30","0.9","0.000000","-40.000000","92.000000","94.000000","-44.000000","-51.000000","2.00","2.00","2.00","2.00","0.000000","18.0","0.000000","0.0","5.00","10.00","6.66","6.66","3.34","3.34","0.00","0.00","15.43","200.00","15.41","184.90","0.30","0.00","0.18","0.01","0.01","0.18","0.20","0.16","272.97","0.01","-0.04","0.14","0.04","-0.01","-0.02","358.45","1.7","359.87","-1.7","0.00","-0.1","-0.01"
00:00:34,"9,583.26","-3,659.93","14.41",Off,"14.40","1.2","0.000000","-40.000000","92.000000","95.000000","-37.000000","-59.000000","2.00","2.00","2.00","2.00","0.000000","8.0","0.000000","0.0","5.00","10.00","6.65","6.65","3.35","3.35","0.00","0.00","15.43","200.00","15.41","184.90","0.30","0.00","0.18","-0.00","-0.00","0.18","0.21","0.15","270.59","0.01","-0.04","0.14","0.03","0.00","0.02","358.54","1.3","359.86","0.3","0.00","-0.1","0.00"
00:00:35,"9,583.43","-3,659.97","14.43",Off,"14.40","1.3","0.000000","-40.000000","92.000000","95.000000","-29.000000","-66.000000","2.00","2.00","2.00","2.00","0.000000","0.0","0.000000","0.0","5.00","10.00","6.65","6.65","3.35","3.35","0.00","0.00","15.43","200.00","15.42","184.90","0.30","0.00","0.18","-0.01","-0.01","0.18","0.21","0.15","268.29","0.00","-0.04","0.14","0.02","-0.00","-0.01","358.63","1.0","359.88","2.4","0.00","-0.0","-0.01"
00:00:36,"9,583.60","-3,660.03","14.45",Off,"14.40","1.2","0.000000","-40.000000","92.000000","96.000000","-21.000000","-68.000000","2.00","2.00","2.00","2.00","0.000000","0.0","0.000000","0.0","5.00","10.00","6.65","6.65","3.35","3.35","0.00","0.00","15.43","200.00","15.43","184.90","0.30","0.00","0.18","-0.02","-0.02","0.18","0.21","0.15","266.03","-0.00","-0.04","0.14","0.02","0.00","0.02","358.71","0.5","359.92","2.8","0.00","0.0","-0.00"
00:00:37,"9,583.77","-3,660.09","14.47",Off,"14.40","1.1","0.000000","-40.000000","91.000000","97.000000","-13.000000","-69.000000","2.00","2.00","2.00","2.00","0.000000","0.0","0.000000","0.0","6.00","10.00","6.65","6.65","3.35","3.35","0.00","0.00","15.43","200.00","15.44","184.90","0.30","0.00","0.18","-0.02","-0.02","0.18","0.21","0.15","263.90","-0.01","-0.04","0.14","0.01","0.00","-0.01","358.80","0.2","359.97","3.1","0.00","0.1","0.00"
00:00:38,"9,583.94","-3,660.16","14.49",Off,"14.40","1.1","0.000000","-40.000000","91.000000","98.000000","-7.000000","-70.000000","2.00","2.00","2.00","2.00","0.000000","0.0","0.000000","0.0","6.00","10.00","6.65","6.66","3.35","3.34","0.00","0.00","15.43","200.00","15.44","184.80","0.30","0.00","0.18","-0.03","-0.03","0.18","0.21","0.15","261.93","-0.01","-0.03","0.14","0.01","-0.00","0.01","358.87","0.1","0.02","3.1","0.00","0.0","-0.00"
00:00:39,"9,584.11","-3,660.24","14.51",Off,"14.50","1.0","0.000000","-40.000000","91.000000","98.000000","-3.000000","-70.000000","2.00","2.00","2.00","2.00","-1.000000","-1.0","0.000000","0.0","6.00","10.00","6.65","6.65","3.35","3.35","0.00","0.00","15.43","200.00","15.45","184.80","0.30","0.00","0.18","-0.03","-0.03","0.18","0.21","0.16","260.31","-0.02","-0.03","0.14","0.01","0.00","-0.01","358.94","0.0","0.07","2.7","0.00","0.0","-0.01"
00:00:40,"9,584.28","-3,660.32","14.52",Off,"14.50","1.0","0.000000","-40.000000","91.000000","99.000000","-1.000000","-70.000000","2.00","2.00","2.00","2.00","-45.000000","-10.0","0.000000","0.0","6.00","10.00","6.65","6.66","3.35","3.34","0.00","0.00","15.43","200.00","15.45","184.80","0.30","0.00","0.19","-0.04","-0.04","0.19","0.21","0.16","258.87","-0.02","-0.03","0.14","0.01","-0.00","0.01","359.01","-0.0","0.11","2.1","0.00","-0.0","-0.00"
00:00:41,"9,584.44","-3,660.40","14.54",Off,"14.50","0.5","0.000000","-40.000000","90.000000","99.000000","0.000000","-70.000000","2.00","2.00","2.00","2.00","-49.000000","-20.0","0.000000","0.0","6.00","10.00","6.65","6.65","3.35","3.35","0.00","0.00","15.43","200.00","15.46","184.80","0.30","0.00","0.18","-0.04","-0.04","0.18","0.20","0.17","257.48","-0.03","-0.03","0.14","0.01","0.00","-0.01","359.07","-0.2","0.15","1.9","0.00","-0.0","-0.00"
00:00:42,"9,584.61","-3,660.49","14.54",Off,"14.50","-0.2","0.000000","-40.000000","90.000000","100.000000","0.000000","-70.000000","2.00","2.00","2.00","2.00","-46.000000","-30.0","0.000000","0.0","7.00","10.00","6.66","6.66","3.34","3.34","0.00","0.00","15.43","200.00","15.46","184.80","0.30","0.00","0.18","-0.05","-0.05","0.18","0.18","0.19","255.89","-0.03","-0.03","0.14","0.01","-0.00","0.00","359.13","-0.6","0.18","2.0","0.00","-0.0","-0.00"
00:00:43,"9,584.77","-3,660.59","14.53",Off,"14.50","-1.2","0.000000","-40.000000","90.000000","100.000000","0.000000","-70.000000","2.00","2.00","2.00","2.00","-25.000000","-34.0","0.000000","0.0","7.00","10.00","6.65","6.65","3.35","3.35","0.00","0.00","15.43","200.00","15.47","184.80","0.30","0.00","0.18","-0.05","-0.05","0.18","0.15","0.21","254.05","-0.04","-0.03","0.14","0.00","0.00","-0.01","359.16","-1.0","0.21","2.3","0.00","-0.0","-0.01"
00:00:44,"9,584.92","-3,660.68","14.49",Off,"14.40","-2.4","0.000000","-40.000000","90.000000","100.000000","0.000000","-70.000000","2.00","2.00","2.00","2.00","-27.000000","-27.0","0.000000","0.0","7.00","10.00","6.66","6.66","3.34","3.34","0.00","0.00","15.43","200.00","15.47","184.80","0.30","0.00","0.17","-0.06","-0.06","0.17","0.11","0.23","252.04","-0.04","-0.03","0.14","-0.00","-0.00","0.00","359.18","-1.4","0.25","2.2","0.00","0.0","-0.00"
00:00:45,"9,585.07","-3,660.79","14.45",Off,"14.40","-3.2","0.000000","-40.000000","90.000000","100.000000","0.000000","-70.000000","2.00","2.00","2.00","2.00","-26.000000","-26.0","0.000000","0.0","7.00","10.00","6.65","6.65","3.35","3.35","0.00","0.00","15.43","200.00","15.48","184.90","0.30","0.00","0.17","-0.06","-0.06","0.17","0.09","0.25","250.31","-0.04","-0.03","0.13","-0.00","0.00","0.01","359.18","-1.4","0.28","1.3","0.00","0.0","-0.00"
00:00:46,"9,585.22","-3,660.89","14.39",Off,"14.30","-4.0","0.000000","-40.000000","90.000000","100.000000","0.000000","-70.000000","2.00","2.00","2.00","2.00","-27.000000","-27.0","0.000000","0.0","7.00","10.00","6.65","6.66","3.35","3.34","0.00","0.00","15.43","200.00","15.48","184.90","0.30","0.00","0.17","-0.07","-0.07","0.17","0.07","0.27","248.70","-0.05","-0.03","0.13","-0.00","-0.00","-0.00","359.17","-1.5","0.30","0.4","0.00","0.0","-0.00"
00:00:47,"9,585.37","-3,661.00","14.31",Off,"14.30","-4.9","0.000000","-40.000000","89.000000","101.000000","0.000000","-70.000000","2.00","2.00","2.00","2.00","-27.000000","-27.0","0.000000","0.0","7.00","10.00","6.65","6.65","3.35","3.35","0.00","0.00","15.43","200.00","15.49","185.00","0.30","0.00","0.17","-0.07","-0.07","0.17","0.05","0.29","246.93","-0.05","-0.03","0.13","-0.01","0.00","0.00","359.14","-1.5","0.30","-0.2","0.00","0.0","-0.00"
00:00:48,"9,585.51","-3,661.12","14.22",Off,"14.20","-5.8","0.000000","-50.000000","89.000000","101.000000","0.000000","-70.000000","2.00","2.00","2.00","2.00","-27.000000","-27.0","0.000000","0.0","8.00","10.00","6.65","6.66","3.35","3.34","0.00","0.00","15.43","200.00","15.49","185.10","0.30","0.00","0.17","-0.08","-0.08","0.17","0.03","0.31","245.13","-0.06","-0.03","0.13","-0.01","-0.00","0.00","359.10","-1.5","0.29","-0.9","0.00","-0.0","0.00"
00:00:49,"9,585.65","-3,661.24","14.12",Off,"14.10","-6.6","0.000000","-60.000000","89.000000","101.000000","0.000000","-72.000000","2.00","2.00","2.00","2.00","-27.000000","-27.0","0.000000","0.0","8.00","10.00","6.65","6.65","3.35","3.35","0.00","0.00","15.43","200.00","15.50","185.20","0.30","0.00","0.16","-0.08","-0.08","0.16","0.00","0.33","243.20","-0.06","-0.03","0.13","-0.01","0.00","-0.00","359.05","-1.5","0.28","-0.8","0.00","-0.0","-0.00"
00:00:50,"9,585.78","-3,661.36","14.00",Off,"13.90","-7.4","0.000000","-60.000000","89.000000","102.000000","0.000000","-74.000000","2.00","2.00","2.00","2.00","-27.000000","-27.0","0.000000","0.0","8.00","10.00","6.66","6.66","3.34","3.34","0.00","0.00","15.43","200.00","15.51","185.30","0.30","0.00","0.16","-0.09","-0.09","0.16","-0.02","0.35","240.94","-0.06","-0.03","0.13","-0.01","-0.00","-0.00","358.99","-1.5","0.26","-0.8","0.00","-0.0","-0.01"
00:00:51,"9,585.91","-3,661.49","13.87",Off,"13.80","-8.2","0.000000","-60.000000","89.000000","102.000000","0.000000","-76.000000","2.00","2.00","2.00","2.00","-26.000000","-26.0","0.000000","0.0","8.00","10.00","6.64","6.65","3.36","3.35","0.00","0.00","15.43","200.00","15.51","185.50","0.30","0.00","0.15","-0.10","-0.10","0.15","-0.04","0.36","238.34","-0.07","-0.03","0.12","-0.01","0.01","0.01","358.92","-1.4","0.25","-0.7","0.00","-0.0","0.01"
00:00:52,"9,586.04","-3,661.63","13.73",Off,"13.70","-9.0","0.000000","-40.000000","89.000000","103.000000","0.000000","-77.000000","2.00","2.00","2.00","2.00","-26.000000","-26.0","0.000000","0.0","8.00","10.00","6.66","6.66","3.34","3.34","0.00","0.00","15.43","200.00","15.52","185.60","0.30","0.00","0.15","-0.11","-0.11","0.15","-0.07","0.38","235.50","-0.07","-0.03","0.12","-0.01","-0.01","-0.02","358.84","-1.4","0.24","-0.4","0.00","0.0","-0.01"
00:00:53,"9,586.15","-3,661.77","13.58",Off,"13.50","-9.7","0.000000","-40.000000","89.000000","104.000000","0.000000","-75.000000","2.00","2.00","2.00","2.00","-27.000000","-27.0","0.000000","0.0","8.00","10.00","6.65","6.65","3.35","3.35","0.00","0.00","15.43","200.00","15.53","185.80","0.30","0.00","0.15","-0.12","-0.12","0.15","-0.09","0.39","232.47","-0.08","-0.03","0.12","-0.01","0.01","0.03","358.75","-1.4","0.24","-0.2","0.00","0.0","0.01"
00:00:54,"9,586.26","-3,661.93","13.41",Off,"13.30","-10.4","0.000000","-40.000000","88.000000","104.000000","0.000000","-73.000000","2.00","2.00","2.00","2.00","-26.000000","-26.0","0.000000","0.0","9.00","10.00","6.65","6.66","3.35","3.34","0.00","0.00","15.43","200.00","15.54","185.90","0.30","0.00","0.14","-0.13","-0.13","0.14","-0.11","0.41","229.60","-0.09","-0.03","0.11","-0.01","-0.00","-0.04","358.66","-1.3","0.24","0.1","0.00","0.0","-0.01"
00:00:55,"9,586.37","-3,662.08","13.23",Off,"13.20","-11.2","0.000000","-40.000000","88.000000","104.000000","0.000000","-71.000000","2.00","2.00","2.00","2.00","0.000000","-15.0","0.000000","0.0","9.00","10.00","6.66","6.66","3.34","3.34","0.00","0.00","15.43","200.00","15.55","186.10","0.30","0.00","0.14","-0.13","-0.13","0.14","-0.13","0.42","227.06","-0.09","-0.03","0.11","-0.02","0.00","0.03","358.55","-1.3","0.24","0.3","0.00","0.0","0.01"
00:00:56,"9,586.48","-3,662.25","13.04",Off,"13.00","-11.3","0.000000","-40.000000","88.000000","103.000000","0.000000","-70.000000","2.00","2.00","2.00","2.00","0.000000","-5.0","0.000000","0.0","9.00","10.00","6.65","6.65","3.35","3.35","0.00","0.00","15.43","200.00","15.55","186.30","0.30","0.00","0.14","-0.14","-0.14","0.14","-0.13","0.43","225.64","-0.10","-0.03","0.11","-0.01","0.00","-0.02","358.45","-1.1","0.24","-0.6","0.00","-0.0","-0.01"
00:00:57,"9,586.58","-3,662.42","12.85",Off,"12.80","-11.3","0.000000","-40.000000","88.000000","103.000000","0.000000","-70.000000","2.00","2.00","2.00","2.00","0.000000","0.0","0.000000","0.0","9.00","10.00","6.66","6.66","3.34","3.34","0.00","0.00","15.43","200.00","15.56","186.50","0.30","0.00","0.14","-0.14","-0.14","0.14","-0.13","0.43","224.99","-0.11","-0.03","0.11","-0.01","-0.00","0.01","358.34","-0.7","0.22","-1.5","0.00","-0.0","-0.00"
00:00:58,"9,586.69","-3,662.59","12.67",Off,"12.60","-11.2","0.000000","-40.000000","88.000000","103.000000","0.000000","-70.000000","2.00","2.00","2.00","2.00","12.000000","2.0","0.000000","0.0","9.00","10.00","6.65","6.65","3.35","3.35","0.00","0.00","15.43","200.00","15.56","186.70","0.30","0.00","0.15","-0.15","-0.15","0.15","-0.12","0.43","224.69","-0.11","-0.03","0.11","-0.00","0.00","-0.01","358.24","-0.3","0.19","-2.0","0.00","-0.0","-0.00"
00:00:59,"9,586.81","-3,662.78","12.48",Off,"12.40","-11.0","0.000000","-40.000000","88.000000","102.000000","0.000000","-70.000000","2.00","2.00","2.00","2.00","31.000000","12.0","0.000000","0.0","10.00","10.00","6.66","6.66","3.34","3.34","0.00","0.00","15.43","200.00","15.57","186.80","0.30","0.00","0.15","-0.16","-0.16","0.15","-0.12","0.43","224.10","-0.11","-0.03","0.11","0.00","-0.00","0.01","358.15","-0.1","0.15","-2.2","0.00","0.0","-0.01"
00:01:00,"9,586.92","-3,662.96","12.30",Off,"12.20","-10.4","0.000000","-40.000000","88.000000","102.000000","0.000000","-70.000000","2.00","2.00","2.00","2.00","32.000000","22.0","0.000000","0.0","10.00","10.00","6.64","6.64","3.36","3.36","0.00","0.00","15.43","200.00","15.57","187.00","0.30","0.00","0.16","-0.16","-0.16","0.16","-0.09","0.42","223.96","-0.12","-0.03","0.12","0.01","0.01","0.02","358.06","0.2","0.11","-2.5","0.00","0.0","0.00"
00:01:01,"9,587.04","-3,663.16","12.14",Off,"12.10","-9.5","0.000000","-40.000000","88.000000","102.000000","0.000000","-70.000000","2.00","2.00","2.00","2.00","34.000000","34.0","0.000000","0.0","10.00","10.00","6.66","6.67","3.34","3.33","0.00","0.00","15.43","200.00","15.58","187.10","0.30","0.00","0.16","-0.17","-0.17","0.16","-0.07","0.40","223.81","-0.12","-0.03","0.12","0.01","-0.01","-0.02","357.99","0.7","0.08","-1.8","0.00","0.0","-0.02"
00:01:02,"9,587.17","-3,663.36","11.99",Off,"11.90","-8.3","0.000000","-40.000000","88.000000","102.000000","0.000000","-70.000000","2.00","2.00","2.00","2.00","34.000000","34.0","0.000000","0.0","10.00","10.00","6.65","6.65","3.35","3.35","0.00","0.00","15.43","200.00","15.58","187.30","0.30","0.00","0.17","-0.17","-0.17","0.17","-0.03","0.38","224.26","-0.13","-0.03","0.12","0.01","0.01","0.03","357.94","1.2","0.05","-1.9","0.00","0.0","0.01"
00:01:03,"9,587.30","-3,663.57","11.86",Off,"11.80","-7.2","0.000000","-40.000000","88.000000","102.000000","0.000000","-70.000000","2.00","2.00","2.00","2.00","35.000000","35.0","0.000000","0.0","11.00","10.00","6.65","6.66","3.35","3.34","0.00","0.00","15.43","200.00","15.58","187.40","0.30","0.00","0.18","-0.18","-0.18","0.18","0.01","0.36","224.81","-0.13","-0.03","0.13","0.02","-0.00","-0.04","357.91","1.5","0.02","-2.0","0.00","0.0","-0.01"
00:01:04,"9,587.44","-3,663.78","11.75",Off,"11.70","-6.0","0.000000","-40.000000","88.000000","102.000000","0.000000","-70.000000","2.00","2.00","2.00","2.00","36.000000","36.0","0.000000","0.0","11.00","10.00","6.66","6.66","3.34","3.34","0.00","0.00","15.43","200.00","15.59","187.40","0.30","0.00","0.19","-0.18","-0.18","0.19","0.04","0.34","225.36","-0.14","-0.03","0.13","0.02","-0.00","0.04","357.90","1.7","359.98","-2.0","0.00","0.0","0.00"
00:01:05,"9,587.59","-3,664.00","11.66",Off,"11.60","-4.8","0.000000","-40.000000","88.000000","102.000000","0.000000","-70.000000","2.00","2.00","2.00","2.00","36.000000","36.0","0.000000","0.0","11.00","10.00","6.64","6.64","3.36","3.36","0.00","0.00","15.43","200.00","15.59","187.50","0.30","0.00","0.20","-0.19","-0.19","0.20","0.08","0.32","225.82","-0.14","-0.03","0.14","0.03","0.01","-0.01","357.91","1.9","359.95","-1.7","0.00","0.0","-0.01"
00:01:06,"9,587.75","-3,664.23","11.59",Off,"11.50","-3.7","0.000000","-40.000000","88.000000","101.000000","0.000000","-70.000000","2.00","2.00","2.00","2.00","36.000000","36.0","0.000000","0.0","11.00","10.00","6.67","6.67","3.33","3.33","0.00","0.00","15.43","200.00","15.60","187.60","0.30","0.00","0.20","-0.19","-0.19","0.20","0.11","0.30","226.12","-0.14","-0.03","0.15","0.03","-0.01","0.01","357.93","1.9","359.93","-1.1","0.00","0.0","-0.01"
00:01:07,"9,587.91","-3,664.47","11.54",Off,"11.50","-2.5","0.000000","-40.000000","87.000000","101.000000","0.000000","-70.000000","2.00","2.00","2.00","2.00","36.000000","36.0","0.000000","0.0","12.00","10.00","6.64","6.64","3.36","3.36","0.00","0.00","15.43","200.00","15.60","187.60","0.30","0.00","0.21","-0.20","-0.20","0.21","0.15","0.27","226.35","-0.15","-0.02","0.15","0.03","0.01","0.02","357.98","2.0","359.92","-0.5","0.00","0.0","0.01"
00:01:08,"9,588.08","-3,664.71","11.51",Off,"11.50","-1.4","0.000000","-40.000000","87.000000","101.000000","0.000000","-70.000000","2.00","2.00","2.00","2.00","36.000000","36.0","0.000000","0.0","12.00","10.00","6.66","6.67","3.34","3.33","0.00","0.00","15.43","200.00","15.60","187.60","0.30","0.00","0.22","-0.20","-0.20","0.22","0.18","0.25","226.59","-0.15","-0.02","0.16","0.03","-0.01","-0.02","358.04","2.0","359.91","0.1","0.00","0.0","-0.02"
00:01:09,"9,588.26","-3,664.95","11.49",Off,"11.40","-0.3","0.000000","-40.000000","87.000000","101.000000","0.000000","-70.000000","2.00","2.00","2.00","2.00","40.000000","40.0","0.000000","0.0","12.00","10.00","6.65","6.65","3.35","3.35","0.00","0.00","15.43","200.00","15.61","187.60","0.30","0.00","0.22","-0.21","-0.21","0.22","0.22","0.23","226.86","-0.16","-0.02","0.16","0.03","0.01","0.03","358.11","2.0","359.92","0.5","0.00","0.0","0.01"
00:01:10,"9,588.44","-3,665.21","11.50",Off,"11.50","1.0","0.000000","-40.000000","87.000000","101.000000","0.000000","-70.000000","2.00","2.00","2.00","2.00","41.000000","41.0","0.000000","0.0","13.00","10.00","6.66","6.66","3.34","3.34","0.00","0.00","15.43","200.00","15.61","187.60","0.30","0.00","0.23","-0.21","-0.21","0.23","0.26","0.21","227.32","-0.16","-0.02","0.17","0.03","-0.00","-0.04","358.20","2.0","359.93","0.5","0.00","0.0","-0.02"
00:01:11,"9,588.63","-3,665.46","11.53",Off,"11.50","2.2","0.000000","-40.000000","87.000000","101.000000","0.000000","-70.000000","2.00","2.00","2.00","2.00","39.000000","39.0","0.000000","0.0","13.00","10.00","6.66","6.66","3.34","3.34","0.00","0.00","15.43","200.00","15.61","187.50","0.30","0.00","0.24","-0.22","-0.22","0.24","0.30","0.19","227.91","-0.16","-0.02","0.18","0.04","-0.00","0.04","358.31","2.1","359.93","0.5","0.00","0.0","0.00"
00:01:12,"9,588.83","-3,665.73","11.57",Off,"11.50","3.3","0.000000","-40.000000","87.000000","101.000000","0.000000","-70.000000","2.00","2.00","2.00","2.00","0.000000","28.0","0.000000","0.0","13.00","10.00","6.65","6.65","3.35","3.35","0.00","0.00","15.43","200.00","15.62","187.40","0.30","0.00","0.25","-0.22","-0.22","0.25","0.33","0.17","228.41","-0.17","-0.02","0.18","0.04","0.00","-0.03","358.43","2.1","359.94","0.5","0.00","0.0","-0.02"
00:01:13,"9,589.03","-3,666.00","11.63",Off,"11.60","3.9","0.000000","-40.000000","87.000000","101.000000","0.000000","-70.000000","2.00","2.00","2.00","2.00","0.000000","18.0","0.000000","0.0","14.00","10.00","6.67","6.67","3.33","3.33","0.00","0.00","15.43","200.00","15.62","187.40","0.30","0.00","0.26","-0.23","-0.23","0.26","0.35","0.16","228.50","-0.17","-0.02","0.19","0.03","-0.01","0.02","358.56","1.8","359.96","1.3","0.00","0.0","-0.01"
00:01:14,"9,589.24","-3,666.28","11.70",Off,"11.70","4.2","0.000000","-40.000000","87.000000","101.000000","0.000000","-70.000000","2.00","2.00","2.00","2.00","0.000000","8.0","0.000000","0.0","14.00","10.00","6.64","6.65","3.36","3.35","0.00","0.00","15.43","200.00","15.63","187.30","0.30","0.00","0.26","-0.23","-0.23","0.26","0.36","0.15","228.43","-0.17","-0.02","0.20","0.03","0.01","0.01","358.69","1.4","359.98","1.8","0.00","-0.0","-0.00"
00:01:15,"9,589.44","-3,666.56","11.77",Off,"11.70","4.2","0.000000","-50.000000","87.000000","101.000000","0.000000","-72.000000","2.00","2.00","2.00","2.00","0.000000","0.0","0.000000","0.0","14.00","10.00","6.67","6.67","3.33","3.33","0.00","0.00","15.43","200.00","15.63","187.20","0.30","0.00","0.26","-0.23","-0.23","0.26","0.36","0.15","227.99","-0.18","-0.02","0.20","0.03","-0.01","-0.02","358.82","0.9","0.02","2.8","0.00","-0.0","-0.02"
00:01:16,"9,589.65","-3,666.84","11.84",Off,"11.80","4.0","0.000000","-50.000000","87.000000","102.000000","0.000000","-74.000000","2.00","2.00","2.00","2.00","0.000000","0.0","0.000000","0.0","15.00","10.00","6.65","6.65","3.35","3.35","0.00","0.00","15.43","200.00","15.63","187.10","0.30","0.00","0.26","-0.24","-0.24","0.26","0.36","0.16","227.29","-0.18","-0.02","0.20","0.02","0.01","0.03","358.95","0.5","0.07","3.4","0.00","-0.0","0.01"
00:01:17,"9,589.85","-3,667.13","11.90",Off,"11.90","3.9","0.000000","-50.000000","87.000000","102.000000","0.000000","-75.000000","2.00","2.00","2.00","2.00","0.000000","0.0","0.000000","0.0","15.00","10.00","6.66","6.66","3.34","3.34","0.00","0.00","15.43","200.00","15.64","187.10","0.30","0.00","0.26","-0.25","-0.25","0.26","0.36","0.16","226.78","-0.18","-0.02","0.20","0.02","-0.00","-0.04","359.06","0.2","0.13","3.2","0.00","0.0","-0.02"
00:01:18,"9,590.06","-3,667.43","11.97",Off,"11.90","3.8","0.000000","-50.000000","87.000000","103.000000","0.000000","-75.000000","2.00","2.00","2.00","2.00","0.000000","0.0","0.000000","0.0","15.00","10.00","6.66","6.66","3.34","3.34","0.00","0.00","15.43","200.00","15.65","187.00","0.30","0.00","0.26","-0.25","-0.25","0.26","0.36","0.17","226.36","-0.19","-0.02","0.20","0.02","-0.00","0.04","359.17","0.0","0.18","2.5","0.00","0.0","0.00"
00:01:19,"9,590.26","-3,667.74","12.03",Off,"12.00","3.7","0.000000","-50.000000","87.000000","103.000000","0.000000","-75.000000","2.00","2.00","2.00","2.00","0.000000","0.0","0.000000","0.0","16.00","10.00","6.65","6.65","3.35","3.35","0.00","0.00","15.43","200.00","15.65","186.90","0.30","0.00","0.27","-0.26","-0.26","0.27","0.36","0.17","226.08","-0.19","-0.03","0.20","0.02","0.01","-0.01","359.27","-0.1","0.21","1.7","0.00","0.0","-0.01"
00:01:20,"9,590.47","-3,668.05","12.09",Off,"12.00","3.6","0.000000","-50.000000","87.000000","104.000000","0.000000","-75.000000","2.00","2.00","2.00","2.00","0.000000","0.0","0.000000","0.0","16.00","10.00","6.67","6.67","3.33","3.33","0.00","0.00","15.43","200.00","15.66","186.80","0.30","0.00","0.27","-0.27","-0.27","0.27","0.36","0.18","225.81","-0.20","-0.03","0.21","0.02","-0.01","0.00","359.37","-0.1","0.23","0.7","0.00","0.0","-0.02"
00:01:21,"9,590.68","-3,668.37","12.15",Off,"12.10","3.5","0.000000","-50.000000","87.000000","104.000000","0.000000","-75.000000","2.00","2.00","2.00","2.00","0.000000","0.0","0.000000","0.0","16.00","10.00","6.64","6.65","3.36","3.35","0.00","0.00","15.43","200.00","15.67","186.70","0.30","0.00","0.28","-0.27","-0.27","0.28","0.36","0.19","225.47","-0.20","-0.03","0.21","0.02","0.01","0.01","359.46","-0.1","0.23","-0.1","0.00","0.0","0.00"
00:01:22,"9,590.90","-3,668.70","12.21",Off,"12.20","3.4","0.000000","-50.000000","87.000000","104.000000","0.000000","-75.000000","2.00","2.00","2.00","2.00","0.000000","0.0","0.000000","0.0","17.00","10.00","6.67","6.67","3.33","3.33","0.00","0.00","15.43","200.00","15.67","186.70","0.30","0.00","0.28","-0.28","-0.28","0.28","0.36","0.19","225.10","-0.21","-0.03","0.21","0.02","-0.01","-0.04","359.54","-0.1","0.23","-0.7","0.00","0.0","-0.02"
00:01:23,"9,591.11","-3,669.04","12.26",Off,"12.20","3.3","0.000000","-50.000000","87.000000","104.000000","0.000000","-75.000000","2.00","2.00","2.00","2.00","0.000000","0.0","0.000000","0.0","17.00","10.00","6.65","6.66","3.35","3.34","0.00","0.00","15.43","200.00","15.68","186.60","0.30","0.00","0.28","-0.29","-0.29","0.28","0.36","0.20","224.63","-0.21","-0.03","0.21","0.02","0.01","0.03","359.62","-0.2","0.21","-0.9","0.00","0.0","0.00"
00:01:24,"9,591.32","-3,669.38","12.32",Off,"12.30","3.2","0.000000","-50.000000","87.000000","105.000000","0.000000","-75.000000","2.00","2.00","2.00","2.00","0.000000","0.0","0.000000","0.0","18.00","10.00","6.65","6.65","3.35","3.35","0.00","0.00","15.43","200.00","15.69","186.50","0.30","0.00","0.28","-0.29","-0.29","0.28","0.36","0.20","224.11","-0.22","-0.03","0.22","0.01","0.00","-0.03","359.69","-0.2","0.20","-1.1","0.00","-0.0","-0.02"
00:01:25,"9,591.54","-3,669.73","12.37",Off,"12.30","3.2","0.000000","-50.000000","87.000000","105.000000","0.000000","-75.000000","2.00","2.00","2.00","2.00","0.000000","0.0","0.000000","0.0","18.00","10.00","6.67","6.67","3.33","3.33","0.00","0.00","15.43","200.00","15.69","186.50","0.30","0.00","0.28","-0.30","-0.30","0.28","0.36","0.20","223.50","-0.22","-0.03","0.22","0.01","-0.00","0.02","359.75","-0.2","0.18","-0.8","0.00","-0.0","-0.00"
00:01:26,"9,591.75","-3,670.09","12.42",Off,"12.40","3.1","0.000000","-50.000000","87.000000","105.000000","0.000000","-75.000000","2.00","2.00","2.00","2.00","0.000000","0.0","0.000000","0.0","18.00","10.00","6.65","6.65","3.35","3.35","0.00","0.00","15.43","200.00","15.70","186.40","0.30","0.00","0.28","-0.31","-0.31","0.28","0.36","0.20","222.86","-0.23","-0.03","0.22","0.01","0.01","-0.01","359.82","-0.1","0.17","-0.6","0.00","-0.0","-0.01"
00:01:27,"9,591.96","-3,670.45","12.48",Off,"12.40","3.0","0.000000","-50.000000","87.000000","105.000000","0.000000","-75.000000","2.00","2.00","2.00","2.00","0.000000","0.0","0.000000","0.0","19.00","10.00","6.67","6.67","3.33","3.33","0.00","0.00","15.43","200.00","15.71","186.40","0.30","0.00","0.28","-0.31","-0.31","0.28","0.36","0.21","222.23","-0.23","-0.03","0.22","0.01","-0.01","0.00","359.88","-0.1","0.16","-0.3","0.00","0.0","-0.01"
00:01:28,"9,592.16","-3,670.83","12.52",Off,"12.50","2.9","0.000000","-50.000000","87.000000","105.000000","0.000000","-75.000000","2.00","2.00","2.00","2.00","0.000000","0.0","0.000000","0.0","19.00","10.00","6.65","6.65","3.35","3.35","0.00","0.00","15.43","200.00","15.72","186.30","0.30","0.00","0.28","-0.32","-0.32","0.28","0.35","0.21","221.59","-0.24","-0.03","0.22","0.01","0.01","0.01","359.93","-0.1","0.16","-0.0","0.00","0.0","0.00"
00:01:29,"9,592.37","-3,671.21","12.57",Off,"12.50","2.8","-40.000000","-50.000000","87.000000","105.000000","-2.000000","-75.000000","2.00","2.00","2.00","2.00","0.000000","0.0","0.000000","0.0","20.00","10.00","6.66","6.66","3.34","3.34","0.00","0.00","15.43","200.00","15.72","186.30","0.30","0.00","0.28","-0.33","-0.33","0.28","0.35","0.21","221.00","-0.25","-0.03","0.22","0.01","-0.00","-0.03","359.98","-0.1","0.16","0.2","0.00","0.0","-0.02"
00:01:30,"9,592.57","-3,671.59","12.62",Off,"12.60","2.8","-40.000000","-50.000000","87.000000","105.000000","-6.000000","-75.000000","2.00","2.00","2.00","2.00","0.000000","0.0","0.000000","0.0","20.00","10.00","6.66","6.66","3.34","3.34","0.00","0.00","15.43","200.00","15.73","186.20","0.30","0.00","0.28","-0.34","-0.34","0.28","0.35","0.21","220.42","-0.25","-0.03","0.22","0.00","0.00","0.03","0.03","-0.1","0.17","0.3","0.00","0.0","0.00"
00:01:31,"9,592.78","-3,671.99","12.66",Off,"12.60","2.7","-40.000000","-50.000000","87.000000","105.000000","-9.000000","-75.000000","2.00","2.00","2.00","2.00","0.000000","0.0","0.000000","0.0","21.00","10.00","6.64","6.65","3.36","3.35","0.00","0.00","15.43","200.00","15.74","186.20","0.30","0.00","0.28","-0.34","-0.34","0.28","0.35","0.22","219.84","-0.26","-0.03","0.22","0.00","0.01","-0.01","0.07","-0.1","0.17","0.4","0.00","0.0","-0.00"
00:01:32,"9,592.98","-3,672.39","12.71",Off,"12.70","2.6","-40.000000","-50.000000","87.000000","105.000000","-17.000000","-75.000000","2.00","2.00","2.00","2.00","0.000000","0.0","0.000000","0.0","21.00","10.00","6.67","6.67","3.33","3.33","0.00","0.00","15.43","200.00","15.75","186.10","0.30","0.00","0.29","-0.35","-0.35","0.29","0.35","0.22","219.25","-0.26","-0.04","0.22","0.00","-0.01","-0.01","0.11","-0.1","0.18","0.3","0.00","-0.0","-0.01"
00:01:33,"9,593.18","-3,672.80","12.75",Off,"12.70","2.5","-40.000000","-30.000000","87.000000","105.000000","-25.000000","-74.000000","2.00","2.00","2.00","2.00","0.000000","0.0","0.000000","0.0","21.00","10.00","6.64","6.65","3.36","3.35","0.00","0.00","15.43","200.00","15.76","186.10","0.30","0.00","0.29","-0.36","-0.36","0.29","0.35","0.22","218.63","-0.27","-0.04","0.22","0.00","0.01","0.03","0.15","-0.1","0.18","0.3","0.00","-0.0","0.01"
00:01:34,"9,593.38","-3,673.22","12.79",Off,"12.70","2.4","-40.000000","-30.000000","87.000000","105.000000","-33.000000","-72.000000","2.00","2.00","2.00","2.00","0.000000","0.0","0.000000","0.0","22.00","10.00","6.66","6.66","3.34","3.34","0.00","0.00","15.43","200.00","15.76","186.00","0.30","0.00","0.29","-0.37","-0.37","0.29","0.35","0.23","218.01","-0.28","-0.04","0.22","0.00","-0.01","-0.03","0.18","-0.2","0.19","0.2","0.00","0.0","-0.02"
00:01:35,"9,593.57","-3,673.65","12.83",Off,"12.80","2.3","-40.000000","-40.000000","88.000000","104.000000","-41.000000","-70.000000","2.00","2.00","2.00","2.00","0.000000","0.0","0.000000","0.0","22.00","10.00","6.66","6.66","3.34","3.34","0.00","0.00","15.43","200.00","15.77","186.00","0.30","0.00","0.29","-0.38","-0.38","0.29","0.34","0.23","217.40","-0.28","-0.04","0.22","0.00","0.00","0.03","0.21","-0.2","0.19","0.1","0.00","0.0","0.00"
00:01:36,"9,593.77","-3,674.09","12.87",Off,"12.80","2.2","-40.000000","-40.000000","88.000000","104.000000","-49.000000","-70.000000","2.00","2.00","2.00","2.00","0.000000","0.0","0.000000","0.0","23.00","10.00","6.65","6.66","3.35","3.34","0.00","0.00","15.43","200.00","15.78","185.90","0.30","0.00","0.29","-0.39","-0.39","0.29","0.34","0.23","216.84","-0.29","-0.04","0.22","0.00","0.00","-0.03","0.23","-0.2","0.19","0.1","0.00","0.0","-0.01"
00:01:37,"9,593.96","-3,674.53","12.90",Off,"12.90","2.0","-40.000000","-40.000000","90.000000","103.000000","-57.000000","-70.000000","2.00","2.00","2.00","2.00","0.000000","0.0","0.000000","0.0","23.00","10.00","6.67","6.67","3.33","3.33","0.00","0.00","15.43","200.00","15.79","185.90","0.30","0.00","0.29","-0.40","-0.40","0.29","0.34","0.24","216.24","-0.30","-0.04","0.22","0.00","-0.00","0.02","0.26","-0.2","0.19","0.0","0.00","0.0","-0.01"
00:01:38,"9,594.15","-3,674.99","12.94",Off,"12.90","1.8","-30.000000","-40.000000","91.000000","103.000000","-64.000000","-70.000000","2.00","2.00","2.00","2.00","0.000000","0.0","0.000000","0.0","24.00","10.00","6.64","6.65","3.36","3.35","0.00","0.00","15.43","200.00","15.80","185.90","0.30","0.00","0.29","-0.41","-0.41","0.29","0.33","0.24","215.57","-0.30","-0.04","0.22","0.00","0.01","-0.00","0.28","-0.2","0.19","-0.0","0.00","0.0","-0.00"
00:01:39,"9,594.34","-3,675.46","12.96",Off,"12.90","1.7","0.000000","-40.000000","92.000000","103.000000","-58.000000","-70.000000","2.00","2.00","2.00","2.00","0.000000","0.0","0.000000","0.0","24.00","10.00","6.67","6.67","3.33","3.33","0.00","0.00","15.43","200.00","15.81","185.80","0.30","0.00","0.29","-0.42","-0.42","0.29","0.33","0.25","214.86","-0.31","-0.04","0.22","0.00","-0.01","-0.02","0.29","-0.3","0.19","0.0","0.00","0.0","-0.02"
00:01:40,"9,594.53","-3,675.94","12.99",Off,"12.90","1.5","0.000000","-40.000000","93.000000","103.000000","-50.000000","-70.000000","2.00","2.00","2.00","2.00","-30.000000","-3.0","0.000000","0.0","25.00","10.00","6.65","6.65","3.35","3.35","0.00","0.00","15.43","200.00","15.82","185.80","0.30","0.00","0.29","-0.43","-0.43","0.29","0.33","0.25","214.17","-0.32","-0.05","0.22","0.00","0.01","0.03","0.30","-0.3","0.19","0.0","0.00","-0.0","0.01"
00:01:41,"9,594.71","-3,676.43","13.01",Off,"13.00","1.2","0.000000","-40.000000","93.000000","102.000000","-42.000000","-70.000000","2.00","2.00","2.00","2.00","-31.000000","-13.0","0.000000","0.0","25.00","10.00","6.66","6.66","3.34","3.34","0.00","0.00","15.43","200.00","15.83","185.80","0.30","0.00","0.29","-0.44","-0.44","0.29","0.32","0.26","213.54","-0.33","-0.05","0.22","0.00","-0.00","-0.04","0.31","-0.3","0.20","0.3","0.00","0.0","-0.02"
00:01:42,"9,594.89","-3,676.92","13.03",Off,"13.00","0.7","0.000000","-40.000000","93.000000","102.000000","-34.000000","-70.000000","2.00","2.00","2.00","2.00","-27.000000","-26.0","0.000000","0.0","26.00","10.00","6.67","6.67","3.33","3.33","0.00","0.00","15.43","200.00","15.84","185.80","0.30","0.00","0.28","-0.45","-0.45","0.28","0.30","0.27","212.69","-0.34","-0.05","0.22","-0.00","-0.00","0.03","0.32","-0.5","0.21","1.0","0.00","0.0","-0.00"
00:01:43,"9,595.06","-3,677.43","13.04",Off,"13.00","0.0","0.000000","-40.000000","92.000000","102.000000","-26.000000","-70.000000","2.00","2.00","2.00","2.00","-28.000000","-28.0","0.000000","0.0","26.00","10.00","6.64","6.65","3.36","3.35","0.00","0.00","15.43","200.00","15.85","185.80","0.30","0.00","0.28","-0.46","-0.46","0.28","0.28","0.28","211.69","-0.34","-0.04","0.22","-0.01","0.01","-0.00","0.31","-0.8","0.23","1.8","0.00","0.0","0.00"
00:01:44,"9,595.22","-3,677.94","13.03",Off,"13.00","-1.0","0.000000","-40.000000","92.000000","102.000000","-18.000000","-70.000000","2.00","2.00","2.00","2.00","-27.000000","-27.0","0.000000","0.0","27.00","10.00","6.67","6.67","3.33","3.33","0.00","0.00","15.43","200.00","15.86","185.80","0.30","0.00","0.27","-0.46","-0.46","0.27","0.25","0.30","210.62","-0.35","-0.04","0.21","-0.01","-0.01","-0.01","0.29","-1.1","0.27","2.4","0.00","0.0","-0.02"
00:01:45,"9,595.38","-3,678.45","13.00",Off,"12.90","-1.8","0.000000","-40.000000","92.000000","102.000000","-10.000000","-70.000000","2.00","2.00","2.00","2.00","-28.000000","-28.0","0.000000","0.0","27.00","10.00","6.65","6.66","3.35","3.34","0.00","0.00","15.43","200.00","15.87","185.80","0.30","0.00","0.27","-0.47","-0.47","0.27","0.22","0.31","209.80","-0.35","-0.04","0.21","-0.01","0.01","0.04","0.26","-1.2","0.31","2.2","0.00","0.0","0.00"
00:01:46,"9,595.53","-3,678.97","12.96",Off,"12.90","-2.6","0.000000","-40.000000","92.000000","102.000000","-6.000000","-70.000000","2.00","2.00","2.00","2.00","-29.000000","-29.0","0.000000","0.0","28.00","10.00","6.65","6.66","3.35","3.34","0.00","0.00","15.43","200.00","15.87","185.90","0.30","0.00","0.26","-0.47","-0.47","0.26","0.20","0.33","209.13","-0.36","-0.04","0.21","-0.01","0.00","-0.03","0.22","-1.3","0.34","1.8","0.00","0.0","-0.01"
00:01:47,"9,595.68","-3,679.49","12.91",Off,"12.90","-3.4","0.000000","-40.000000","92.000000","102.000000","-2.000000","-70.000000","2.00","2.00","2.00","2.00","-29.000000","-29.0","0.000000","0.0","29.00","10.00","6.67","6.67","3.33","3.33","0.00","0.00","15.43","200.00","15.88","185.90","0.30","0.00","0.26","-0.48","-0.48","0.26","0.18","0.34","208.61","-0.36","-0.03","0.20","-0.01","-0.00","0.00","0.16","-1.3","0.37","1.2","0.00","-0.0","-0.02"
00:01:48,"9,595.82","-3,680.01","12.85",Off,"12.80","-4.1","0.000000","-40.000000","91.000000","102.000000","-1.000000","-70.000000","2.00","2.00","2.00","2.00","-29.000000","-29.0","0.000000","0.0","29.00","10.00","6.64","6.65","3.36","3.35","0.00","0.00","15.43","200.00","15.88","186.00","0.30","0.00","0.26","-0.48","-0.48","0.26","0.15","0.36","208.08","-0.37","-0.03","0.20","-0.01","0.01","0.02","0.10","-1.3","0.38","0.6","0.00","-0.0","0.00"
00:01:49,"9,595.96","-3,680.54","12.78",Off,"12.70","-4.9","0.000000","-40.000000","91.000000","102.000000","0.000000","-70.000000","2.00","2.00","2.00","2.00","-29.000000","-29.0","0.000000","0.0","30.00","10.00","6.66","6.67","3.34","3.33","0.00","0.00","15.43","200.00","15.89","186.10","0.30","0.00","0.25","-0.49","-0.49","0.25","0.13","0.38","207.59","-0.37","-0.03","0.20","-0.01","-0.01","-0.04","0.03","-1.3","0.38","-0.0","0.00","-0.0","-0.02"
00:01:50,"9,596.10","-3,681.07","12.69",Off,"12.60","-5.6","0.000000","-40.000000","91.000000","102.000000","0.000000","-70.000000","2.00","2.00","2.00","2.00","-29.000000","-29.0","0.000000","0.0","30.00","10.00","6.66","6.66","3.34","3.34","0.00","0.00","15.43","200.00","15.89","186.20","0.30","0.00","0.25","-0.49","-0.49","0.25","0.11","0.39","207.05","-0.37","-0.03","0.19","-0.01","0.00","0.04","359.95","-1.3","0.38","-0.4","0.00","-0.0","0.00"
00:01:51,"9,596.23","-3,681.61","12.59",Off,"12.50","-6.3","0.000000","-40.000000","91.000000","102.000000","0.000000","-70.000000","2.00","2.00","2.00","2.00","-29.000000","-29.0","0.000000","0.0","31.00","10.00","6.65","6.65","3.35","3.35","0.00","0.00","15.43","200.00","15.89","186.30","0.30","0.00","0.24","-0.49","-0.49","0.24","0.09","0.40","206.46","-0.38","-0.03","0.19","-0.01","0.00","-0.02","359.86","-1.3","0.37","-0.7","0.00","-0.0","-0.01"
00:01:52,"9,596.36","-3,682.14","12.48",Off,"12.40","-7.0","0.000000","-40.000000","90.000000","102.000000","0.000000","-70.000000","2.00","2.00","2.00","2.00","-29.000000","-29.0","0.000000","0.0","31.00","10.00","6.67","6.67","3.33","3.33","0.00","0.00","15.43","200.00","15.90","186.40","0.30","0.00","0.24","-0.50","-0.50","0.24","0.07","0.42","205.83","-0.38","-0.02","0.19","-0.02","-0.01","0.01","359.76","-1.3","0.36","-0.8","0.00","-0.0","-0.01"
00:01:53,"9,596.48","-3,682.68","12.36",Off,"12.30","-7.7","0.000000","-40.000000","90.000000","102.000000","0.000000","-70.000000","2.00","2.00","2.00","2.00","-29.000000","-29.0","0.000000","0.0","32.00","10.00","6.65","6.65","3.35","3.35","0.00","0.00","15.43","200.00","15.90","186.50","0.30","0.00","0.23","-0.50","-0.50","0.23","0.05","0.43","205.16","-0.38","-0.02","0.18","-0.02","0.01","0.01","359.66","-1.2","0.35","-0.7","0.00","0.0","-0.00"
00:01:54,"9,596.60","-3,683.23","12.22",Off,"12.20","-8.4","-20.000000","-40.000000","90.000000","102.000000","-3.000000","-70.000000","2.00","2.00","2.00","2.00","-29.000000","-29.0","0.000000","0.0","32.00","10.00","6.66","6.67","3.34","3.33","0.00","0.00","15.43","200.00","15.91","186.70","0.30","0.00","0.23","-0.51","-0.51","0.23","0.02","0.44","204.46","-0.39","-0.02","0.18","-0.02","-0.00","-0.02","359.55","-1.2","0.34","-0.5","0.00","0.0","-0.02"
00:01:55,"9,596.71","-3,683.77","12.08",Off,"12.00","-9.1","-20.000000","-40.000000","90.000000","102.000000","-7.000000","-70.000000","2.00","2.00","2.00","2.00","-29.000000","-29.0","0.000000","0.0","33.00","10.03","6.65","6.66","3.35","3.40","0.00","0.00","15.43","200.00","15.91","186.80","0.30","0.00","0.22","-0.51","-0.51","0.22","0.00","0.45","203.75","-0.39","-0.02","0.18","-0.02","0.01","0.04","359.44","-1.2","0.33","-0.3","0.00","0.0","-0.00"
00:01:56,"9,596.82","-3,684.32","11.92",Off,"11.90","-9.7","-30.000000","-40.000000","90.000000","102.000000","-12.000000","-70.000000","2.00","2.00","2.00","2.00","-29.000000","-29.0","0.000000","0.0","33.00","10.23","6.65","6.66","3.35","3.79","0.00","0.00","15.43","200.00","15.92","187.00","0.30","0.00","0.22","-0.52","-0.52","0.22","-0.02","0.46","203.02","-0.39","-0.02","0.17","-0.02","0.00","-0.03","359.32","-1.2","0.33","-0.1","0.00","0.0","-0.01"
00:01:57,"9,596.92","-3,684.87","11.75",Off,"11.70","-10.4","-30.000000","-40.000000","90.000000","102.000000","-20.000000","-70.000000","2.00","2.00","2.00","2.00","-29.000000","-29.0","0.000000","0.0","34.00","10.42","6.66","6.67","3.34","4.17","0.00","0.00","15.43","200.00","15.92","187.20","0.30","0.00","0.21","-0.52","-0.52","0.21","-0.04","0.48","202.30","-0.40","-0.02","0.17","-0.02","-0.00","0.00","359.19","-1.2","0.33","0.0","0.00","0.0","-0.01"
00:01:58,"9,597.02","-3,685.43","11.57",Off,"11.50","-11.1","-30.000000","-40.000000","90.000000","102.000000","-28.000000","-70.000000","2.00","2.00","2.00","2.00","-29.000000","-29.0","0.000000","0.0","35.00","10.62","6.65","6.65","3.35","4.58","0.00","0.00","15.43","200.00","15.93","187.30","0.30","0.00","0.21","-0.53","-0.53","0.21","-0.06","0.49","201.57","-0.40","-0.02","0.16","-0.02","0.01","0.00","359.06","-1.2","0.33","0.1","0.00","0.0","-0.00"
00:01:59,"9,597.11","-3,685.99","11.38",Off,"11.30","-11.8","-30.000000","-40.000000","90.000000","102.000000","-36.000000","-70.000000","2.00","2.00","2.00","2.00","-29.000000","-29.0","0.000000","0.0","35.00","10.82","6.66","6.66","3.34","4.98","0.00","0.00","15.43","200.00","15.93","187.50","0.30","0.00","0.20","-0.54","-0.54","0.20","-0.08","0.50","200.86","-0.41","-0.02","0.16","-0.02","-0.00","-0.01","358.93","-1.2","0.33","0.2","0.00","0.0","-0.01"
00:02:00,"9,597.20","-3,686.56","11.18",Off,"11.10","-12.5","-30.000000","-40.000000","90.000000","102.000000","-44.000000","-70.000000","2.00","2.00","2.00","2.00","-29.000000","-29.0","0.000000","0.0","36.00","11.00","6.66","6.66","3.34","5.34","0.00","0.00","15.43","200.00","15.94","187.70","0.30","0.00","0.20","-0.55","-0.55","0.20","-0.11","0.51","200.14","-0.41","-0.03","0.16","-0.02","0.00","0.01","358.79","-1.2","0.33","0.2","0.00","0.0","-0.00"
00:02:01,"9,597.28","-3,687.14","10.96",Off,"10.90","-13.2","0.000000","-40.000000","91.000000","102.000000","-41.000000","-70.000000","2.00","2.00","2.00","2.00","-29.000000","-29.0","0.000000","0.0","36.00","11.00","6.65","6.65","3.35","5.35","0.00","0.00","15.43","200.00","15.95","188.00","0.30","0.00","0.19","-0.55","-0.55","0.19","-0.13","0.53","199.41","-0.42","-0.03","0.15","-0.02","0.00","-0.01","358.65","-1.2","0.34","0.1","0.00","0.0","-0.01"
00:02:02,"9,597.37","-3,687.72","10.74",Off,"10.70","-13.9","0.000000","-40.000000","91.000000","102.000000","-33.000000","-70.000000","2.00","2.00","2.00","2.00","-29.000000","-29.0","0.000000","0.0","37.00","11.00","6.67","6.67","3.33","5.33","0.00","0.00","15.43","200.00","15.96","188.20","0.30","0.00","0.19","-0.56","-0.56","0.19","-0.15","0.54","198.72","-0.43","-0.03","0.15","-0.02","-0.01","-0.02","358.50","-1.2","0.34","0.1","0.00","0.0","-0.02"
00:02:03,"9,597.44","-3,688.32","10.50",Off,"10.40","-14.6","0.000000","-40.000000","91.000000","102.000000","-25.000000","-70.000000","2.00","2.00","2.00","2.00","-29.000000","-29.0","0.000000","0.0","37.00","11.00","6.65","6.66","3.35","5.34","0.00","0.00","15.43","200.00","15.97","188.40","0.30","0.00","0.18","-0.57","-0.57","0.18","-0.17","0.55","198.07","-0.43","-0.03","0.14","-0.01","0.01","0.03","358.35","-1.2","0.34","0.1","0.00","0.0","-0.00"
00:02:04,"9,597.52","-3,688.91","10.25",Off,"10.20","-15.2","0.000000","-40.000000","91.000000","102.000000","-17.000000","-70.000000","2.00","2.00","2.00","2.00","-29.000000","-29.0","0.000000","0.0","38.00","11.00","6.65","6.65","3.35","5.35","0.00","0.00","15.43","200.00","15.97","188.70","0.30","0.00","0.18","-0.58","-0.58","0.18","-0.19","0.57","197.46","-0.44","-0.03","0.14","-0.01","0.00","-0.01","358.20","-1.2","0.34","0.1","0.00","0.0","-0.01"
00:02:05,"9,597.59","-3,689.52","9.99",Off,"9.90","-15.9","0.000000","-40.000000","90.000000","102.000000","-10.000000","-70.000000","2.00","2.00","2.00","2.00","-29.000000","-29.0","0.000000","0.0","39.00","11.00","6.67","6.67","3.33","5.33","0.00","0.00","15.43","200.00","15.98","188.90","0.30","0.00","0.18","-0.58","-0.58","0.18","-0.21","0.58","196.92","-0.44","-0.03","0.14","-0.01","-0.01","-0.01","358.04","-1.2","0.34","0.1","0.00","0.0","-0.02"
00:02:06,"9,597.66","-3,690.12","9.72",Off,"9.60","-16.5","0.000000","-40.000000","90.000000","102.000000","-6.000000","-70.000000","2.00","2.00","2.00","2.00","-29.000000","-29.0","0.000000","0.0","39.00","11.00","6.65","6.66","3.35","5.34","0.00","0.00","15.43","200.00","15.98","189.20","0.30","0.00","0.17","-0.59","-0.59","0.17","-0.23","0.59","196.38","-0.45","-0.03","0.13","-0.01","0.01","0.03","357.88","-1.1","0.34","0.1","0.00","0.0","-0.00"
00:02:07,"9,597.73","-3,690.73","9.44",Off,"9.40","-17.1","0.000000","-40.000000","90.000000","102.000000","-2.000000","-70.000000","2.00","2.00","2.00","2.00","-29.000000","-29.0","0.000000","0.0","40.00","11.00","6.65","6.66","3.35","5.34","0.00","0.00","15.43","200.00","15.99","189.50","0.30","0.00","0.17","-0.59","-0.59","0.17","-0.25","0.60","195.90","-0.45","-0.03","0.13","-0.01","0.00","-0.02","357.72","-1.1","0.34","0.1","0.00","-0.0","-0.01"
00:02:08,"9,597.80","-3,691.35","9.15",Off,"9.10","-17.7","0.000000","-40.000000","90.000000","102.000000","-1.000000","-70.000000","2.00","2.00","2.00","2.00","-29.000000","-29.0","0.000000","0.0","41.00","11.00","6.66","6.67","3.34","5.33","0.00","0.00","15.43","200.00","15.99","189.80","0.30","0.00","0.16","-0.60","-0.60","0.16","-0.27","0.61","195.41","-0.46","-0.03","0.13","-0.01","-0.00","-0.01","357.55","-1.1","0.34","0.1","0.00","0.0","-0.02"
00:02:09,"9,597.86","-3,691.97","8.85",Off,"8.80","-18.3","0.000000","-40.000000","90.000000","102.000000","0.000000","-70.000000","2.00","2.00","2.00","2.00","-29.000000","-29.0","0.000000","0.0","41.00","11.00","6.66","6.67","3.34","5.33","0.00","0.00","15.43","200.00","15.99","190.10","0.30","0.00","0.16","-0.60","-0.60","0.16","-0.28","0.62","194.94","-0.46","-0.02","0.12","-0.01","0.00","0.01","357.38","-1.1","0.35","0.1","0.00","-0.0","-0.01"
00:02:10,"9,597.93","-3,692.59","8.54",Off,"8.50","-18.9","0.000000","-40.000000","90.000000","102.000000","0.000000","-70.000000","2.00","2.00","2.00","2.00","-29.000000","-29.0","0.000000","0.0","42.00","11.00","6.65","6.65","3.35","5.35","0.00","0.00","15.43","200.00","16.00","190.40","0.30","0.00","0.15","-0.61","-0.61","0.15","-0.30","0.64","194.50","-0.46","-0.02","0.12","-0.01","0.01","-0.00","357.22","-1.1","0.35","0.1","0.00","-0.0","-0.00"
00:02:11,"9,597.99","-3,693.21","8.22",Off,"8.10","-19.5","0.000000","-40.000000","90.000000","102.000000","0.000000","-70.000000","2.00","2.00","2.00","2.00","-29.000000","-29.0","0.000000","0.0","42.00","11.00","6.67","6.67","3.33","5.33","0.00","0.00","15.43","200.00","16.00","190.70","0.30","0.00","0.15","-0.61","-0.61","0.15","-0.32","0.65","194.06","-0.47","-0.02","0.12","-0.01","-0.01","-0.02","357.05","-1.1","0.35","0.2","0.00","0.0","-0.02"
00:02:12,"9,598.05","-3,693.84","7.89",Off,"7.80","-20.1","0.000000","-40.000000","89.000000","102.000000","0.000000","-70.000000","2.00","2.00","2.00","2.00","-29.000000","-29.0","0.000000","0.0","43.00","11.00","6.66","6.66","3.34","5.34","0.00","0.00","15.43","200.00","16.00","191.00","0.30","0.00","0.15","-0.61","-0.61","0.15","-0.34","0.66","193.64","-0.47","-0.02","0.11","-0.01","0.00","0.03","356.88","-1.1","0.35","0.2","0.00","0.0","-0.00"
00:02:13,"9,598.11","-3,694.47","7.55",Off,"7.50","-20.7","0.000000","-40.000000","89.000000","102.000000","0.000000","-70.000000","2.00","2.00","2.00","2.00","-29.000000","-29.0","0.000000","0.0","44.00","11.00","6.65","6.66","3.35","5.34","0.00","0.00","15.43","200.00","16.01","191.30","0.30","0.00","0.14","-0.62","-0.62","0.14","-0.36","0.67","193.22","-0.47","-0.02","0.11","-0.01","0.00","-0.01","356.71","-1.1","0.36","0.2","0.00","-0.0","-0.00"
00:02:14,"9,598.17","-3,695.10","7.20",Off,"7.10","-21.3","0.000000","-40.000000","89.000000","102.000000","0.000000","-70.000000","2.00","2.00","2.00","2.00","-29.000000","-29.0","0.000000","0.0","44.00","11.00","6.66","6.67","3.34","5.33","0.00","0.00","15.43","200.00","16.01","191.70","0.30","0.00","0.14","-0.62","-0.62","0.14","-0.38","0.68","192.82","-0.48","-0.02","0.11","-0.00","-0.00","-0.01","356.53","-1.0","0.36","0.2","0.00","0.0","-0.02"
00:02:15,"9,598.23","-3,695.74","6.84",Off,"6.80","-21.9","0.000000","-40.000000","89.000000","102.000000","0.000000","-70.000000","2.00","2.00","2.00","2.00","-29.000000","-29.0","0.000000","0.0","45.00","11.00","6.66","6.67","3.34","5.33","0.00","0.00","15.43","200.00","16.01","192.00","0.30","0.00","0.14","-0.63","-0.63","0.14","-0.39","0.69","192.43","-0.48","-0.02","0.11","-0.00","-0.00","0.01","356.36","-1.0","0.36","0.3","0.00","-0.0","-0.01"
00:02:16,"9,598.29","-3,696.38","6.47",Off,"6.40","-22.5","0.000000","-40.000000","89.000000","102.000000","0.000000","-70.000000","2.00","2.00","2.00","2.00","-29.000000","-29.0","0.000000","0.0","46.00","11.00","6.65","6.65","3.35","5.35","0.00","0.00","15.43","200.00","16.02","192.40","0.30","0.00","0.13","-0.63","-0.63","0.13","-0.41","0.70","192.05","-0.48","-0.02","0.10","-0.00","0.01","0.02","356.18","-1.0","0.37","0.3","0.00","-0.0","-0.00"
00:02:17,"9,598.35","-3,697.02","6.09",Off,"6.00","-23.1","0.000000","-40.000000","89.000000","102.000000","0.000000","-70.000000","2.00","2.00","2.00","2.00","-29.000000","-29.0","0.000000","0.0","46.00","11.00","6.66","6.66","3.34","5.34","0.00","0.00","15.43","200.00","16.02","192.80","0.30","0.00","0.13","-0.64","-0.64","0.13","-0.43","0.72","191.65","-0.49","-0.02","0.10","-0.00","-0.00","-0.02","356.01","-1.0","0.37","0.4","0.00","-0.0","-0.02"
00:02:18,"9,598.42","-3,697.67","5.70",Off,"5.60","-23.6","0.000000","-40.000000","89.000000","102.000000","0.000000","-70.000000","2.00","2.00","2.00","2.00","0.000000","-19.0","0.000000","0.0","47.00","11.00","6.66","6.67","3.34","5.33","0.00","0.00","15.43","200.00","16.02","193.10","0.30","0.00","0.13","-0.64","-0.64","0.13","-0.44","0.73","191.35","-0.49","-0.02","0.10","-0.00","0.00","0.02","355.83","-1.0","0.38","0.2","0.00","-0.0","-0.01"
00:02:19,"9,598.48","-3,698.32","5.31",Off,"5.20","-23.8","0.000000","-40.000000","89.000000","102.000000","0.000000","-70.000000","2.00","2.00","2.00","2.00","23.000000","-9.0","0.000000","0.0","47.00","11.00","6.65","6.65","3.35","5.35","0.00","0.00","15.43","200.00","16.02","193.50","0.30","0.00","0.13","-0.64","-0.64","0.13","-0.45","0.73","191.24","-0.49","-0.02","0.10","0.00","0.01","0.00","355.66","-0.8","0.38","-0.4","0.00","-0.0","-0.00"
00:02:20,"9,598.55","-3,698.97","4.91",Off,"4.80","-23.6","0.000000","-40.000000","89.000000","102.000000","0.000000","-70.000000","2.00","2.00","2.00","2.00","27.000000","1.0","0.000000","0.0","48.00","11.00","6.66","6.66","3.34","5.34","0.00","0.00","15.43","200.00","16.03","193.90","0.30","0.00","0.13","-0.65","-0.65","0.13","-0.44","0.73","191.40","-0.50","-0.02","0.10","0.01","-0.00","-0.02","355.49","-0.5","0.36","-1.3","0.00","-0.0","-0.02"
00:02:21,"9,598.64","-3,699.63","4.52",Off,"4.40","-23.4","0.000000","-40.000000","89.000000","102.000000","0.000000","-70.000000","2.00","2.00","2.00","2.00","28.000000","11.0","0.000000","0.0","49.00","11.00","6.66","6.67","3.34","5.33","0.00","0.00","15.43","200.00","16.03","194.20","0.30","0.00","0.14","-0.65","-0.65","0.14","-0.43","0.73","191.71","-0.50","-0.02","0.10","0.01","-0.00","0.00","355.33","-0.2","0.33","-2.2","0.00","-0.0","-0.01"
00:02:22,"9,598.73","-3,700.29","4.14",Off,"4.00","-22.7","0.000000","-40.000000","88.000000","102.000000","0.000000","-70.000000","2.00","2.00","2.00","2.00","28.000000","21.0","0.000000","0.0","49.00","11.00","6.65","6.66","3.35","5.34","0.00","0.00","15.43","200.00","16.03","194.60","0.30","0.00","0.14","-0.66","-0.66","0.14","-0.41","0.72","192.10","-0.50","-0.02","0.10","0.02","0.01","0.01","355.18","0.2","0.29","-2.7","0.00","-0.0","-0.00"
00:02:23,"9,598.83","-3,700.96","3.77",Off,"3.70","-21.8","0.000000","-40.000000","88.000000","102.000000","0.000000","-70.000000","2.00","2.00","2.00","2.00","28.000000","28.0","0.000000","0.0","50.00","11.00","6.66","6.66","3.34","5.34","0.00","0.00","15.43","200.00","16.03","194.90","0.30","0.00","0.15","-0.66","-0.66","0.15","-0.38","0.70","192.62","-0.50","-0.02","0.11","0.03","-0.00","-0.03","355.06","0.7","0.24","-3.1","0.00","-0.0","-0.02"
00:02:24,"9,598.94","-3,701.63","3.41",Off,"3.30","-20.8","0.000000","-50.000000","88.000000","102.000000","0.000000","-70.000000","2.00","2.00","2.00","2.00","28.000000","28.0","0.000000","0.0","51.00","11.00","6.67","6.67","3.33","5.33","0.00","0.00","15.43","200.00","16.03","195.20","0.30","0.00","0.16","-0.66","-0.66","0.16","-0.34","0.69","193.25","-0.51","-0.02","0.11","0.03","-0.01","0.00","354.95","1.2","0.19","-3.1","0.00","0.0","-0.01"
00:02:25,"9,599.06","-3,702.30","3.07",Off,"3.00","-19.8","10.000000","-50.000000","88.000000","102.000000","0.000000","-72.000000","2.00","2.00","2.00","2.00","28.000000","28.0","0.000000","0.0","51.00","11.00","6.65","6.65","3.35","5.35","0.00","0.00","15.43","200.00","16.03","195.60","0.30","0.00","0.16","-0.67","-0.67","0.16","-0.32","0.67","193.62","-0.51","-0.02","0.12","0.03","0.01","0.02","354.86","1.4","0.15","-2.4","0.00","0.0","0.00"
00:02:26,"9,599.19","-3,702.98","2.75",Off,"2.70","-18.8","10.000000","-50.000000","88.000000","103.000000","4.000000","-74.000000","2.00","2.00","2.00","2.00","28.000000","28.0","0.000000","0.0","52.00","11.00","6.66","6.66","3.34","5.34","0.00","0.00","15.43","200.00","16.03","195.80","0.30","0.00","0.17","-0.67","-0.67","0.17","-0.29","0.65","193.90","-0.51","-0.02","0.12","0.04","-0.00","-0.02","354.80","1.5","0.11","-1.5","0.00","0.0","-0.02"
00:02:27,"9,599.33","-3,703.66","2.45",Off,"2.40","-17.9","10.000000","-50.000000","88.000000","103.000000","8.000000","-75.000000","2.00","2.00","2.00","2.00","28.000000","28.0","0.000000","0.0","53.00","11.00","6.66","6.67","3.34","5.33","0.00","0.00","15.43","200.00","16.03","196.10","0.30","0.00","0.17","-0.68","-0.68","0.17","-0.26","0.63","194.16","-0.52","-0.02","0.12","0.04","-0.00","0.02","354.75","1.6","0.10","-0.4","0.00","0.0","-0.01"
00:02:28,"9,599.48","-3,704.35","2.16",Off,"2.10","-16.9","10.000000","-50.000000","88.000000","104.000000","9.000000","-75.000000","2.00","2.00","2.00","2.00","28.000000","28.0","0.000000","0.0","54.00","11.00","6.65","6.66","3.35","5.34","0.00","0.00","15.43","200.00","16.03","196.40","0.30","0.00","0.18","-0.68","-0.68","0.18","-0.23","0.61","194.46","-0.52","-0.02","0.13","0.04","0.00","-0.01","354.72","1.6","0.10","0.5","0.00","0.0","-0.01"
00:02:29,"9,599.64","-3,705.04","1.88",Off,"1.80","-15.9","10.000000","-50.000000","88.000000","104.000000","10.000000","-75.000000","2.00","2.00","2.00","2.00","28.000000","28.0","0.000000","0.0","54.00","11.00","6.66","6.67","3.34","5.33","0.00","0.00","15.43","200.00","16.03","196.60","0.30","0.00","0.18","-0.69","-0.69","0.18","-0.20","0.59","194.82","-0.52","-0.02","0.13","0.04","-0.00","0.00","354.71","1.7","0.12","1.2","0.00","0.0","-0.01"
00:02:30,"9,599.80","-3,705.73","1.63",Off,"1.60","-15.0","10.000000","-50.000000","88.000000","105.000000","10.000000","-75.000000","2.00","2.00","2.00","2.00","28.000000","29.0","0.000000","0.0","55.00","11.00","6.66","6.66","3.34","5.34","0.00","0.00","15.43","200.00","16.03","196.90","0.30","0.00","0.19","-0.69","-0.69","0.19","-0.17","0.57","195.23","-0.53","-0.02","0.14","0.04","0.00","-0.00","354.71","1.6","0.14","1.7","0.00","-0.0","-0.01"
00:02:31,"9,599.98","-3,706.43","1.38",Off,"1.30","-14.1","10.000000","-50.000000","88.000000","105.000000","10.000000","-75.000000","2.00","2.00","2.00","2.00","28.000000","28.0","0.000000","0.0","56.00","11.00","6.67","6.67","3.33","5.33","0.00","0.00","15.43","200.00","16.03","197.10","0.30","0.00","0.20","-0.69","-0.69","0.20","-0.14","0.56","195.75","-0.53","-0.02","0.14","0.04","-0.00","-0.00","354.73","1.6","0.16","1.6","0.00","-0.0","-0.02"
00:02:32,"9,600.17","-3,707.13","1.16",Off,"1.10","-13.2","10.000000","-50.000000","87.000000","105.000000","10.000000","-75.000000","2.00","2.00","2.00","2.00","28.000000","28.0","0.000000","0.0","56.00","11.00","6.65","6.66","3.35","5.34","0.00","0.00","15.43","200.00","16.03","197.30","0.30","0.00","0.21","-0.70","-0.70","0.21","-0.11","0.54","196.29","-0.53","-0.02","0.15","0.04","0.01","0.01","354.77","1.6","0.19","1.7","0.00","-0.0","0.01"
00:02:33,"9,600.37","-3,707.83","0.94",Off,"0.90","-12.3","20.000000","-50.000000","87.000000","105.000000","10.000000","-75.000000","2.00","2.00","2.00","2.00","28.000000","28.0","0.000000","0.0","57.00","11.00","6.66","6.67","3.34","5.33","0.00","0.00","15.43","200.00","16.03","197.40","0.30","0.00","0.22","-0.70","-0.70","0.22","-0.08","0.53","196.87","-0.54","-0.02","0.15","0.05","-0.00","-0.04","354.81","1.6","0.21","1.2","0.00","-0.0","-0.02"
00:02:34,"9,600.58","-3,708.54","0.75",Off,"0.70","-11.4","30.000000","-50.000000","87.000000","105.000000","17.000000","-75.000000","2.00","2.00","2.00","2.00","28.000000","28.0","0.000000","0.0","58.00","11.00","6.66","6.67","3.34","5.33","0.00","0.00","15.43","200.00","16.03","197.60","0.30","0.00","0.23","-0.71","-0.71","0.23","-0.05","0.52","197.46","-0.54","-0.02","0.16","0.05","-0.00","0.02","354.87","1.6","0.23","1.0","0.00","-0.0","-0.01"
00:02:35,"9,600.80","-3,709.25","0.56",Off,"0.50","-10.5","30.000000","-50.000000","87.000000","105.000000","23.000000","-75.000000","2.00","2.00","2.00","2.00","28.000000","28.0","0.000000","0.0","59.00","11.00","6.65","6.66","3.35","5.34","0.00","0.00","15.43","200.00","16.03","197.70","0.30","0.00","0.23","-0.71","-0.71","0.23","-0.02","0.50","198.09","-0.54","-0.01","0.17","0.05","0.01","-0.00","354.94","1.6","0.24","0.7","0.00","-0.0","-0.01"
00:02:36,"9,601.03","-3,709.95","0.40",Off,"0.30","-9.5","30.000000","-50.000000","87.000000","106.000000","30.000000","-75.000000","2.00","2.00","2.00","2.00","28.000000","28.0","0.000000","0.0","59.00","11.00","6.66","6.67","3.34","5.33","0.00","0.00","15.43","200.00","16.02","197.90","0.30","0.00","0.24","-0.70","-0.70","0.24","0.01","0.49","198.76","-0.54","-0.01","0.18","0.05","-0.00","-0.01","355.02","1.6","0.25","0.5","0.00","0.0","-0.01"
00:02:37,"9,601.27","-3,710.66","0.25",Off,"0.20","-8.6","30.000000","-50.000000","87.000000","106.000000","37.000000","-75.000000","2.00","2.00","2.00","2.00","29.000000","29.0","0.000000","0.0","60.00","11.00","6.66","6.66","3.34","5.34","0.00","0.00","15.43","200.00","16.02","198.00","0.30","0.00","0.25","-0.70","-0.70","0.25","0.04","0.47","199.49","-0.54","-0.01","0.18","0.05","0.00","0.00","355.11","1.7","0.26","0.3","0.00","-0.0","-0.01"
00:02:38,"9,601.53","-3,711.36","0.11",Off,"0.10","-7.5","30.000000","-50.000000","86.000000","106.000000","42.000000","-75.000000","2.00","2.00","2.00","2.00","18.000000","27.0","0.000000","0.0","61.00","11.00","6.66","6.67","3.34","5.33","0.00","0.00","15.43","200.00","16.01","198.10","0.30","0.00","0.26","-0.69","-0.69","0.26","0.08","0.45","200.26","-0.54","0.00","0.19","0.05","-0.00","0.00","355.21","1.7","0.27","0.2","0.00","-0.0","-0.01"
00:02:39,"9,601.79","-3,712.05","0.00",Off,"359.90","-6.6","30.000000","-50.000000","86.000000","106.000000","43.000000","-75.000000","2.00","2.00","2.00","2.00","0.000000","17.0","0.000000","0.0","62.00","11.00","6.65","6.66","3.35","5.34","0.00","0.00","15.43","200.00","16.00","198.20","0.30","0.00","0.27","-0.69","-0.69","0.27","0.11","0.43","201.05","-0.54","0.01","0.20","0.05","0.00","0.01","355.33","1.7","0.27","0.4","0.00","-0.0","-0.00"
00:02:40,"9,602.06","-3,712.73","359.89",Off,"359.80","-5.6","30.000000","-50.000000","85.000000","106.000000","44.000000","-75.000000","2.00","2.00","2.00","2.00","-1.000000","7.0","0.000000","0.0","62.00","11.00","6.66","6.67","3.34","5.33","0.00","0.00","15.43","200.00","15.99","198.30","0.30","0.00","0.28","-0.68","-0.68","0.28","0.14","0.42","201.63","-0.53","0.01","0.20","0.05","-0.00","-0.02","355.45","1.5","0.28","0.6","0.00","-0.0","-0.01"
00:02:41,"9,602.34","-3,713.40","359.79",Off,"359.70","-5.6","30.000000","-50.000000","85.000000","106.000000","44.000000","-75.000000","2.00","2.00","2.00","2.00","0.000000","0.0","0.000000","0.0","63.00","11.00","6.66","6.67","3.34","5.33","0.00","0.00","15.43","200.00","15.98","198.40","0.30","0.00","0.27","-0.67","-0.67","0.27","0.14","0.42","202.01","-0.53","0.02","0.21","0.04","-0.00","0.02","355.57","1.2","0.31","2.0","0.00","0.0","-0.01"
00:02:42,"9,602.61","-3,714.07","359.70",Off,"359.60","-5.6","40.000000","-50.000000","84.000000","106.000000","44.000000","-75.000000","2.00","2.00","2.00","2.00","-1.000000","-1.0","0.000000","0.0","64.00","11.00","6.65","6.65","3.35","5.35","0.00","0.00","15.43","200.00","15.97","198.50","0.30","0.00","0.27","-0.66","-0.66","0.27","0.14","0.42","202.32","-0.52","0.02","0.21","0.03","0.01","0.00","355.70","0.8","0.35","2.5","0.00","0.0","-0.01"
00:02:43,"9,602.89","-3,714.73","359.61",Off,"359.50","-5.4","40.000000","-50.000000","84.000000","106.000000","51.000000","-75.000000","2.00","2.00","2.00","2.00","0.000000","0.0","0.000000","0.0","64.00","11.00","6.67","6.67","3.33","5.33","0.00","0.00","15.43","200.00","15.96","198.60","0.30","0.00","0.28","-0.66","-0.66","0.28","0.15","0.42","202.76","-0.51","0.02","0.21","0.03","-0.01","-0.01","355.82","0.6","0.39","2.5","0.00","0.0","-0.02"
00:02:44,"9,603.18","-3,715.37","359.52",Off,"359.50","-5.2","40.000000","-50.000000","84.000000","106.000000","57.000000","-75.000000","2.00","2.00","2.00","2.00","-1.000000","-1.0","0.000000","0.0","65.00","11.00","6.66","6.66","3.34","5.34","0.00","0.00","15.43","200.00","15.95","198.70","0.30","0.00","0.28","-0.65","-0.65","0.28","0.16","0.42","203.35","-0.51","0.03","0.21","0.03","0.00","0.03","355.94","0.5","0.43","2.1","0.00","-0.0","-0.00"
00:02:45,"9,603.47","-3,716.01","359.43",Off,"359.40","-5.0","40.000000","-50.000000","84.000000","106.000000","60.000000","-75.000000","2.00","2.00","2.00","2.00","-1.000000","-1.0","0.000000","0.0","66.00","11.00","6.65","6.65","3.35","5.35","0.00","0.00","15.43","200.00","15.94","198.80","0.30","0.00","0.29","-0.64","-0.64","0.29","0.17","0.42","204.08","-0.50","0.03","0.22","0.03","0.01","-0.01","356.05","0.4","0.46","1.5","0.00","-0.0","-0.01"
00:02:46,"9,603.77","-3,716.64","359.35",Off,"359.30","-4.8","40.000000","-50.000000","84.000000","106.000000","61.000000","-75.000000","2.00","2.00","2.00","2.00","0.000000","0.0","0.000000","0.0","67.00","11.00","6.66","6.67","3.34","5.33","0.00","0.00","15.43","200.00","15.93","198.80","0.30","0.00","0.29","-0.63","-0.63","0.29","0.18","0.42","204.85","-0.49","0.04","0.22","0.03","-0.00","-0.02","356.16","0.4","0.48","0.9","0.00","-0.0","-0.02"
00:02:47,"9,604.07","-3,717.26","359.27",Off,"359.20","-4.6","40.000000","-50.000000","84.000000","106.000000","61.000000","-75.000000","2.00","2.00","2.00","2.00","-1.000000","-1.0","0.000000","0.0","67.00","11.00","6.66","6.67","3.34","5.33","0.00","0.00","15.43","200.00","15.91","198.90","0.30","0.00","0.30","-0.61","-0.61","0.30","0.19","0.42","205.65","-0.49","0.04","0.22","0.03","0.00","0.01","356.27","0.4","0.49","0.3","0.00","-0.0","-0.01"
00:02:48,"9,604.38","-3,717.86","359.20",Off,"359.10","-4.4","40.000000","-50.000000","83.000000","106.000000","61.000000","-75.000000","2.00","2.00","2.00","2.00","0.000000","0.0","0.000000","0.0","68.00","11.00","6.65","6.65","3.35","5.35","0.00","0.00","15.43","200.00","15.90","199.00","0.30","0.00","0.30","-0.60","-0.60","0.30","0.20","0.42","206.45","-0.48","0.04","0.23","0.03","0.01","0.01","356.38","0.4","0.49","-0.1","0.00","-0.0","-0.00"
00:02:49,"9,604.70","-3,718.45","359.13",Off,"359.10","-4.2","40.000000","-50.000000","83.000000","106.000000","61.000000","-75.000000","2.00","2.00","2.00","2.00","-1.000000","-1.0","0.000000","0.0","69.00","11.00","6.66","6.67","3.34","5.33","0.00","0.00","15.43","200.00","15.89","199.00","0.30","0.00","0.31","-0.59","-0.59","0.31","0.21","0.41","207.22","-0.47","0.04","0.23","0.03","-0.00","-0.02","356.49","0.4","0.48","-0.4","0.00","-0.0","-0.02"
00:02:50,"9,605.02","-3,719.03","359.06",Off,"359.00","-4.0","40.000000","-50.000000","84.000000","106.000000","61.000000","-75.000000","2.00","2.00","2.00","2.00","0.000000","0.0","0.000000","0.0","69.00","11.00","6.66","6.67","3.34","5.33","0.00","0.00","15.43","200.00","15.88","199.10","0.30","0.00","0.31","-0.58","-0.58","0.31","0.21","0.41","207.98","-0.46","0.05","0.24","0.03","0.00","0.03","356.59","0.4","0.47","-0.6","0.00","0.0","-0.00"
00:02:51,"9,605.34","-3,719.60","358.99",Off,"358.90","-3.8","40.000000","-50.000000","84.000000","106.000000","61.000000","-75.000000","2.00","2.00","2.00","2.00","0.000000","0.0","0.000000","0.0","70.00","11.00","6.65","6.65","3.35","5.35","0.00","0.00","15.43","200.00","15.86","199.20","0.30","0.00","0.32","-0.57","-0.57","0.32","0.22","0.41","208.72","-0.45","0.05","0.24","0.03","0.01","-0.02","356.69","0.4","0.46","-0.5","0.00","0.0","-0.01"
00:02:52,"9,605.67","-3,720.16","358.93",Off,"358.90","-3.6","40.000000","-50.000000","84.000000","106.000000","61.000000","-75.000000","2.00","2.00","2.00","2.00","-1.000000","-1.0","0.000000","0.0","70.00","11.00","6.67","6.67","3.33","5.33","0.00","0.00","15.43","200.00","15.85","199.20","0.30","0.00","0.32","-0.56","-0.56","0.32","0.23","0.41","209.46","-0.44","0.05","0.24","0.03","-0.00","-0.00","356.79","0.3","0.46","-0.5","0.00","-0.0","-0.02"
00:02:53,"9,606.00","-3,720.71","358.87",Off,"358.80","-3.5","40.000000","-50.000000","84.000000","106.000000","61.000000","-75.000000","2.00","2.00","2.00","2.00","-1.000000","-1.0","0.000000","0.0","71.00","11.00","6.65","6.65","3.35","5.35","0.00","0.00","15.43","200.00","15.84","199.30","0.30","0.00","0.32","-0.55","-0.55","0.32","0.24","0.41","210.19","-0.43","0.05","0.24","0.02","0.01","0.01","356.89","0.3","0.45","-0.3","0.00","-0.0","-0.00"
00:02:54,"9,606.33","-3,721.24","358.82",Off,"358.80","-3.3","40.000000","-50.000000","84.000000","106.000000","61.000000","-75.000000","2.00","2.00","2.00","2.00","0.000000","0.0","0.000000","0.0","72.00","11.00","6.66","6.67","3.34","5.33","0.00","0.00","15.43","200.00","15.83","199.40","0.30","0.00","0.32","-0.54","-0.54","0.32","0.24","0.41","210.94","-0.42","0.05","0.25","0.02","-0.00","-0.03","356.99","0.3","0.45","-0.1","0.00","-0.0","-0.02"
00:02:55,"9,606.67","-3,721.76","358.76",Off,"358.70","-3.1","40.000000","-50.000000","84.000000","106.000000","61.000000","-75.000000","35.00","35.00","2.00","2.00","0.000000","0.0","0.000000","0.0","72.00","11.00","6.66","6.66","3.34","5.34","0.00","0.00","15.43","200.00","15.82","199.40","0.30","0.00","0.33","-0.52","-0.52","0.33","0.25","0.41","211.74","-0.42","0.05","0.25","0.02","0.01","0.03","357.08","0.3","0.45","0.0","0.00","-0.0","-0.00"
00:02:56,"9,607.01","-3,722.27","358.71",Off,"358.70","-2.9","40.000000","-50.000000","84.000000","106.000000","61.000000","-75.000000","35.00","35.00","5.00","5.00","0.000000","0.0","0.000000","0.0","73.00","11.00","6.66","6.66","3.34","5.34","0.00","0.00","15.43","200.00","15.80","199.50","0.30","0.00","0.33","-0.51","-0.51","0.33","0.26","0.41","212.54","-0.41","0.05","0.25","0.02","0.00","-0.03","357.17","0.3","0.45","0.2","0.00","-0.0","-0.01"
00:02:57,"9,607.35","-3,722.77","358.66",Off,"358.60","-2.7","40.000000","-50.000000","84.000000","106.000000","61.000000","-75.000000","35.00","35.00","7.00","7.00","0.000000","0.0","0.000000","0.0","74.00","11.00","6.66","6.67","3.34","5.33","0.00","0.00","15.43","200.00","15.79","199.50","0.30","0.00","0.33","-0.50","-0.50","0.33","0.27","0.40","213.34","-0.40","0.05","0.25","0.02","0.00","0.02","357.27","0.4","0.45","0.4","0.00","-0.0","-0.01"
00:02:58,"9,607.70","-3,723.26","358.62",Off,"358.60","-2.3","40.000000","-50.000000","84.000000","106.000000","61.000000","-75.000000","35.00","35.00","9.00","9.00","0.000000","0.0","0.000000","0.0","74.00","11.00","6.65","6.66","3.35","5.34","0.00","0.00","15.43","200.00","15.78","199.60","0.30","0.00","0.34","-0.49","-0.49","0.34","0.28","0.39","214.09","-0.39","0.05","0.26","0.02","0.01","-0.01","357.36","0.5","0.46","0.6","0.00","-0.0","-0.01"
00:02:59,"9,608.05","-3,723.74","358.59",Off,"358.50","-1.8","40.000000","-50.000000","84.000000","106.000000","61.000000","-75.000000","35.00","35.00","11.00","11.00","0.000000","0.0","0.000000","0.0","75.00","11.00","6.66","6.67","3.34","5.33","0.00","0.00","15.43","200.00","15.77","199.60","0.30","0.00","0.34","-0.48","-0.48","0.34","0.29","0.38","214.85","-0.38","0.05","0.26","0.02","-0.00","0.00","357.45","0.6","0.47","0.8","0.00","-0.0","-0.01"
00:03:00,"9,608.40","-3,724.20","358.56",Off,"358.50","-1.3","40.000000","-50.000000","84.000000","106.000000","61.000000","-75.000000","35.00","35.00","13.00","13.00","0.000000","0.0","0.000000","0.0","75.00","11.00","6.65","6.65","3.35","5.35","0.00","0.00","15.43","200.00","15.76","199.70","0.30","0.00","0.34","-0.47","-0.47","0.34","0.31","0.37","215.61","-0.37","0.05","0.26","0.02","0.01","0.00","357.55","0.7","0.49","0.9","0.00","-0.0","-0.00"
00:03:01,"9,608.75","-3,724.66","358.55",Off,"358.50","-0.6","40.000000","-50.000000","84.000000","106.000000","61.000000","-75.000000","35.00","35.00","15.00","15.00","30.000000","10.0","0.000000","0.0","76.00","11.00","6.66","6.66","3.34","5.34","0.00","0.00","15.43","200.00","15.75","199.70","0.30","0.00","0.34","-0.46","-0.46","0.34","0.33","0.36","216.36","-0.36","0.05","0.26","0.01","-0.00","-0.01","357.65","0.8","0.50","0.8","0.00","-0.0","-0.01"
00:03:02,"9,609.11","-3,725.10","358.55",Off,"358.50","0.4","40.000000","-50.000000","84.000000","106.000000","61.000000","-75.000000","35.00","35.00","17.00","17.00","34.000000","20.0","0.000000","0.0","76.00","11.00","6.65","6.66","3.35","5.34","0.00","0.00","15.43","200.00","15.73","199.70","0.30","0.00","0.35","-0.45","-0.45","0.35","0.36","0.33","217.33","-0.36","0.05","0.26","0.01","0.00","0.02","357.75","1.1","0.51","0.3","0.00","-0.0","-0.00"
00:03:03,"9,609.47","-3,725.53","358.57",Off,"358.50","1.9","40.000000","-50.000000","84.000000","106.000000","61.000000","-75.000000","35.00","35.00","19.00","19.00","34.000000","30.0","0.000000","0.0","77.00","11.00","6.66","6.66","3.34","5.34","0.00","0.00","15.43","200.00","15.72","199.70","0.30","0.00","0.35","-0.43","-0.43","0.35","0.40","0.31","218.57","-0.35","0.05","0.27","0.02","0.00","-0.01","357.87","1.6","0.51","-0.6","0.00","-0.0","-0.01"
00:03:04,"9,609.83","-3,725.95","358.61",Off,"358.60","3.3","40.000000","-50.000000","84.000000","106.000000","61.000000","-75.000000","35.00","35.00","21.00","21.00","33.000000","33.0","0.000000","0.0","78.00","11.00","6.66","6.66","3.34","5.34","0.00","0.00","15.43","200.00","15.71","199.60","0.30","0.00","0.36","-0.42","-0.42","0.36","0.44","0.28","220.04","-0.34","0.05","0.27","0.02","0.00","0.00","358.01","2.1","0.49","-1.5","0.00","-0.0","-0.01"
00:03:05,"9,610.21","-3,726.35","358.69",Off,"358.60","5.5","40.000000","-50.000000","84.000000","106.000000","61.000000","-75.000000","35.00","35.00","23.00","23.00","0.000000","25.0","0.000000","0.0","78.00","11.00","6.66","6.66","3.34","5.34","0.00","0.00","15.43","200.00","15.69","199.50","0.30","0.00","0.37","-0.41","-0.41","0.37","0.50","0.23","221.47","-0.33","0.05","0.28","0.02","0.00","-0.00","358.17","2.6","0.46","-1.8","0.00","-0.0","-0.01"
00:03:06,"9,610.59","-3,726.75","358.79",Off,"358.80","7.0","40.000000","-60.000000","84.000000","106.000000","61.000000","-76.000000","35.00","35.00","26.00","26.00","0.000000","15.0","0.000000","0.0","79.00","11.00","6.66","6.66","3.34","5.34","0.00","0.00","15.43","200.00","15.68","199.50","0.30","0.00","0.37","-0.40","-0.40","0.37","0.54","0.19","222.52","-0.32","0.05","0.28","0.02","0.00","-0.01","358.35","2.7","0.44","-1.0","0.00","0.0","-0.01"
00:03:07,"9,610.96","-3,727.13","358.92",Off,"358.90","8.5","40.000000","-60.000000","84.000000","106.000000","61.000000","-78.000000","35.00","35.00","28.00","28.00","0.000000","5.0","0.000000","0.0","79.00","11.00","6.66","6.66","3.34","5.34","0.00","0.00","15.43","200.00","15.67","199.40","0.30","0.00","0.37","-0.38","-0.38","0.37","0.57","0.15","223.33","-0.31","0.05","0.28","0.02","0.00","0.00","358.55","2.7","0.43","0.2","0.00","0.0","-0.01"
00:03:08,"9,611.33","-3,727.51","359.07",Off,"359.00","9.6","40.000000","-60.000000","84.000000","107.000000","61.000000","-79.000000","35.00","35.00","30.00","30.00","0.000000","0.0","0.000000","0.0","80.00","11.00","6.65","6.65","3.35","5.35","0.00","0.00","15.43","200.00","15.66","199.30","0.30","0.00","0.36","-0.37","-0.37","0.36","0.59","0.12","223.74","-0.30","0.05","0.28","0.01","0.01","-0.00","358.75","2.5","0.45","2.0","0.00","-0.0","-0.01"
00:03:09,"9,611.69","-3,727.87","359.24",Off,"359.20","10.7","30.000000","-60.000000","84.000000","107.000000","60.000000","-80.000000","35.00","35.00","32.00","32.00","0.000000","0.0","0.000000","0.0","80.00","11.00","6.66","6.67","3.34","5.33","0.00","0.00","15.43","200.00","15.66","199.10","0.30","0.00","0.35","-0.36","-0.36","0.35","0.61","0.08","224.10","-0.29","0.05","0.28","-0.00","-0.00","-0.01","358.97","2.3","0.50","2.9","0.00","-0.0","-0.01"
00:03:10,"9,612.05","-3,728.22","359.43",Off,"359.40","12.0","30.000000","-60.000000","83.000000","108.000000","54.000000","-80.000000","35.00","35.00","34.00","34.00","0.000000","0.0","0.000000","0.0","81.00","11.00","6.65","6.65","3.35","5.35","0.00","0.00","15.43","200.00","15.65","199.00","0.30","0.00","0.35","-0.35","-0.35","0.35","0.64","0.05","224.63","-0.28","0.05","0.28","-0.01","0.01","0.02","359.20","2.2","0.55","3.2","0.00","-0.0","-0.00"
00:03:11,"9,612.40","-3,728.57","359.64",Off,"359.60","13.1","30.000000","-60.000000","83.000000","108.000000","48.000000","-80.000000","35.00","35.00","35.00","35.00","0.000000","0.0","0.000000","0.0","81.00","11.00","6.66","6.66","3.34","5.34","0.00","0.00","15.43","200.00","15.64","198.80","0.30","0.00","0.35","-0.35","-0.35","0.35","0.67","0.02","225.26","-0.27","0.05","0.27","-0.01","-0.00","-0.02","359.43","2.2","0.60","2.6","0.00","-0.0","-0.01"
00:03:12,"9,612.76","-3,728.91","359.87",Off,"359.80","14.1","30.000000","-60.000000","83.000000","108.000000","45.000000","-80.000000","35.00","35.00","35.00","35.00","0.000000","0.0","0.000000","0.0","82.00","11.00","6.65","6.66","3.35","5.34","0.00","0.00","15.43","200.00","15.64","198.60","0.30","0.00","0.35","-0.34","-0.34","0.35","0.69","-0.01","225.92","-0.27","0.04","0.27","-0.01","0.01","0.02","359.67","2.0","0.63","1.6","0.00","0.0","0.00"
00:03:13,"9,613.11","-3,729.24","0.11",Off,"0.10","15.0","30.000000","-60.000000","83.000000","109.000000","44.000000","-80.000000","35.00","35.00","35.00","35.00","0.000000","0.0","0.000000","0.0","82.00","11.00","6.66","6.66","3.34","5.34","0.00","0.00","15.43","200.00","15.63","198.30","0.30","0.00","0.36","-0.33","-0.33","0.36","0.72","-0.03","226.61","-0.26","0.04","0.27","-0.00","-0.00","-0.03","359.91","1.9","0.65","0.5","0.00","0.0","-0.02"
00:03:14,"9,613.47","-3,729.58","0.37",Off,"0.30","15.9","30.000000","-60.000000","83.000000","109.000000","44.000000","-80.000000","35.00","35.00","35.00","35.00","-1.000000","-1.0","0.000000","0.0","83.00","11.00","6.66","6.66","3.34","5.34","0.00","0.00","15.43","200.00","15.63","198.10","0.30","0.00","0.36","-0.33","-0.33","0.36","0.74","-0.05","227.30","-0.26","0.04","0.27","-0.00","0.01","0.03","0.16","1.8","0.65","-0.5","0.00","0.0","0.00"
00:03:15,"9,613.82","-3,729.90","0.64",Off,"0.60","16.7","30.000000","-60.000000","82.000000","109.000000","44.000000","-80.000000","35.00","35.00","35.00","35.00","-33.000000","-11.0","0.000000","0.0","83.00","11.00","6.65","6.66","3.35","5.34","0.00","0.00","15.43","200.00","15.63","197.80","0.30","0.00","0.36","-0.32","-0.32","0.36","0.76","-0.07","227.89","-0.25","0.03","0.28","-0.00","0.00","-0.03","0.41","1.7","0.63","-1.0","0.00","0.0","-0.01"
00:03:16,"9,614.17","-3,730.23","0.92",Off,"0.90","17.1","30.000000","-60.000000","82.000000","109.000000","44.000000","-80.000000","35.00","35.00","35.00","35.00","-33.000000","-21.0","0.000000","0.0","84.00","11.00","6.66","6.66","3.34","5.34","0.00","0.00","15.43","200.00","15.62","197.60","0.30","0.00","0.35","-0.32","-0.32","0.35","0.77","-0.08","228.19","-0.25","0.03","0.28","-0.01","0.00","0.01","0.66","1.4","0.62","-0.7","0.00","0.0","-0.01"
00:03:17,"9,614.52","-3,730.55","1.21",Off,"1.20","17.3","30.000000","-60.000000","82.000000","109.000000","44.000000","-80.000000","35.00","35.00","35.00","35.00","-29.000000","-29.0","0.000000","0.0","84.00","11.00","6.65","6.65","3.35","5.35","0.00","0.00","15.43","200.00","15.62","197.30","0.30","0.00","0.35","-0.31","-0.31","0.35","0.76","-0.09","228.24","-0.24","0.03","0.27","-0.01","0.01","0.01","0.90","1.1","0.61","0.0","0.00","-0.0","-0.00"
00:03:18,"9,614.85","-3,730.86","1.49",Off,"1.50","17.2","30.000000","-60.000000","82.000000","109.000000","44.000000","-80.000000","35.00","35.00","35.00","35.00","-26.000000","-26.0","0.000000","0.0","84.00","11.00","6.66","6.66","3.34","5.34","0.00","0.00","15.43","200.00","15.62","197.10","0.30","0.00","0.34","-0.31","-0.31","0.34","0.75","-0.10","227.89","-0.24","0.03","0.27","-0.02","0.00","-0.01","1.13","0.6","0.62","0.8","0.00","-0.0","-0.01"
00:03:19,"9,615.17","-3,731.17","1.78",Off,"1.80","17.2","30.000000","-60.000000","82.000000","109.000000","44.000000","-80.000000","35.00","35.00","35.00","35.00","-26.000000","-26.0","0.000000","0.0","85.00","11.00","6.66","6.66","3.34","5.34","0.00","0.00","15.43","200.00","15.62","196.80","0.30","0.00","0.33","-0.30","-0.30","0.33","0.75","-0.11","227.80","-0.24","0.02","0.26","-0.02","0.00","0.01","1.35","0.4","0.64","1.2","0.00","-0.0","-0.01"
00:03:20,"9,615.49","-3,731.48","2.07",Off,"2.00","17.3","30.000000","-60.000000","82.000000","109.000000","44.000000","-80.000000","35.00","35.00","35.00","35.00","-25.000000","-25.0","0.000000","0.0","85.00","11.00","6.65","6.65","3.35","5.35","0.00","0.00","15.43","200.00","15.62","196.60","0.30","0.00","0.33","-0.29","-0.29","0.33","0.74","-0.11","227.84","-0.23","0.02","0.26","-0.02","0.01","-0.00","1.56","0.3","0.65","0.9","0.00","-0.0","-0.00"
00:03:21,"9,615.80","-3,731.79","2.36",Off,"2.30","17.5","30.000000","-60.000000","82.000000","109.000000","44.000000","-80.000000","35.00","35.00","35.00","35.00","0.000000","-13.0","0.000000","0.0","86.00","11.00","6.67","6.67","3.33","5.33","0.00","0.00","15.43","200.00","15.62","196.30","0.30","0.00","0.32","-0.29","-0.29","0.32","0.74","-0.12","227.95","-0.23","0.02","0.25","-0.03","-0.00","-0.02","1.77","0.2","0.66","0.3","0.00","0.0","-0.01"
00:03:22,"9,616.12","-3,732.09","2.65",Off,"2.60","18.0","30.000000","-60.000000","82.000000","109.000000","44.000000","-80.000000","35.00","35.00","35.00","35.00","0.000000","0.0","0.000000","0.0","86.00","11.00","6.65","6.65","3.35","5.35","0.00","0.00","15.43","200.00","15.61","196.00","0.30","0.00","0.32","-0.28","-0.28","0.32","0.76","-0.13","228.44","-0.22","0.02","0.25","-0.02","0.01","0.02","1.96","0.4","0.66","-0.9","0.00","0.0","0.00"
00:03:23,"9,616.43","-3,732.38","2.96",Off,"2.90","18.8","30.000000","-60.000000","82.000000","109.000000","44.000000","-80.000000","35.00","35.00","35.00","35.00","0.000000","0.0","0.000000","0.0","87.00","11.00","6.66","6.66","3.34","5.34","0.00","0.00","15.43","200.00","15.61","195.70","0.30","0.00","0.33","-0.28","-0.28","0.33","0.78","-0.15","229.17","-0.22","0.02","0.25","-0.02","0.00","-0.02","2.16","0.8","0.63","-2.1","0.00","0.0","-0.01"
00:03:24,"9,616.74","-3,732.68","3.28",Off,"3.30","19.6","30.000000","-60.000000","82.000000","109.000000","44.000000","-80.000000","35.00","35.00","35.00","35.00","-22.000000","-7.0","0.000000","0.0","87.00","11.00","6.66","6.66","3.34","5.34","0.00","0.00","15.43","200.00","15.61","195.40","0.30","0.00","0.33","-0.27","-0.27","0.33","0.80","-0.17","229.82","-0.22","0.02","0.25","-0.02","0.00","0.01","2.36","1.0","0.59","-2.8","0.00","0.0","-0.01"
00:03:25,"9,617.04","-3,732.97","3.61",Off,"3.60","20.1","30.000000","-60.000000","82.000000","109.000000","44.000000","-80.000000","35.00","35.00","35.00","35.00","-22.000000","-17.0","0.000000","0.0","87.00","11.00","6.65","6.66","3.35","5.34","0.00","0.00","15.43","200.00","15.60","195.10","0.30","0.00","0.32","-0.27","-0.27","0.32","0.81","-0.19","230.25","-0.21","0.02","0.25","-0.02","0.00","0.00","2.56","1.1","0.55","-2.3","0.00","0.0","-0.01"
00:03:26,"9,617.34","-3,733.25","3.95",Off,"3.90","20.3","30.000000","-60.000000","82.000000","109.000000","44.000000","-80.000000","35.00","35.00","35.00","35.00","-23.000000","-23.0","0.000000","0.0","88.00","11.00","6.65","6.66","3.35","5.34","0.00","0.00","15.43","200.00","15.60","194.80","0.30","0.00","0.31","-0.26","-0.26","0.31","0.80","-0.20","230.17","-0.21","0.02","0.25","-0.02","0.00","0.01","2.75","0.9","0.52","-1.1","0.00","-0.0","-0.01"
00:03:27,"9,617.63","-3,733.54","4.29",Off,"4.30","20.4","-10.000000","-60.000000","82.000000","109.000000","41.000000","-80.000000","35.00","35.00","35.00","35.00","-23.000000","-23.0","0.000000","0.0","88.00","11.01","6.66","6.66","3.37","5.34","0.00","0.00","15.43","200.00","15.60","194.50","0.30","0.00","0.30","-0.26","-0.26","0.30","0.80","-0.21","229.85","-0.20","0.02","0.24","-0.03","-0.00","-0.01","2.95","0.6","0.51","0.2","0.00","-0.0","-0.02"
00:03:28,"9,617.91","-3,733.81","4.63",Off,"4.60","20.3","-20.000000","-60.000000","82.000000","109.000000","35.000000","-80.000000","35.00","35.00","35.00","35.00","-23.000000","-23.0","0.000000","0.0","89.00","11.28","6.65","6.66","3.90","5.34","0.00","0.00","15.43","200.00","15.60","194.20","0.30","0.00","0.30","-0.25","-0.25","0.30","0.79","-0.22","229.65","-0.20","0.02","0.24","-0.03","0.00","0.02","3.13","0.3","0.52","0.8","0.00","-0.0","0.01"
00:03:29,"9,618.19","-3,734.09","4.96",Off,"4.90","20.1","-20.000000","-60.000000","82.000000","109.000000","28.000000","-80.000000","35.00","35.00","35.00","35.00","-23.000000","-23.0","0.000000","0.0","89.00","11.54","6.65","6.65","4.44","5.35","0.00","0.00","15.43","200.00","15.60","193.90","0.30","0.00","0.29","-0.25","-0.25","0.29","0.78","-0.22","229.47","-0.20","0.01","0.23","-0.03","0.00","-0.01","3.30","0.1","0.53","0.8","0.00","-0.0","-0.01"
00:03:30,"9,618.46","-3,734.37","5.29",Off,"5.30","19.5","-20.000000","-60.000000","82.000000","109.000000","21.000000","-80.000000","35.00","35.00","35.00","35.00","-22.000000","-22.0","0.000000","0.0","89.00","11.81","6.66","6.67","4.95","5.33","0.00","0.00","15.43","200.00","15.61","193.60","0.30","0.00","0.29","-0.25","-0.25","0.29","0.76","-0.20","229.29","-0.19","0.01","0.23","-0.03","-0.00","-0.01","3.46","-0.3","0.54","0.1","0.00","0.0","-0.01"
00:03:31,"9,618.72","-3,734.65","5.61",Off,"5.60","18.8","-20.000000","-60.000000","82.000000","109.000000","14.000000","-80.000000","35.00","35.00","35.00","35.00","-22.000000","-22.0","0.000000","0.0","90.00","12.00","6.65","6.65","5.35","5.35","0.00","0.00","15.43","200.00","15.61","193.20","0.30","0.00","0.29","-0.25","-0.25","0.29","0.75","-0.19","229.07","-0.19","0.01","0.23","-0.02","0.01","0.01","3.60","-0.6","0.53","-0.7","0.00","0.0","0.00"
00:03:32,"9,618.99","-3,734.93","5.92",Off,"5.90","17.9","-20.000000","-60.000000","82.000000","109.000000","9.000000","-80.000000","35.00","35.00","35.00","35.00","-22.000000","-22.0","0.000000","0.0","90.00","12.00","6.66","6.66","5.34","5.34","0.00","0.00","15.43","200.00","15.61","192.90","0.30","0.00","0.29","-0.26","-0.26","0.29","0.73","-0.16","228.73","-0.19","0.00","0.23","-0.02","-0.00","-0.03","3.73","-0.9","0.51","-1.5","0.00","0.0","-0.01"
00:03:33,"9,619.25","-3,735.23","6.21",Off,"6.20","16.8","-20.000000","-60.000000","83.000000","109.000000","5.000000","-80.000000","35.00","35.00","35.00","35.00","-22.000000","-22.0","0.000000","0.0","91.00","12.00","6.66","6.66","5.34","5.34","0.00","0.00","15.43","200.00","15.62","192.60","0.30","0.00","0.30","-0.27","-0.27","0.30","0.70","-0.13","228.27","-0.20","-0.01","0.23","-0.02","0.00","0.02","3.83","-1.2","0.48","-2.1","0.00","0.0","-0.00"
00:03:34,"9,619.52","-3,735.53","6.48",Off,"6.50","15.7","-20.000000","-60.000000","83.000000","109.000000","1.000000","-80.000000","35.00","35.00","35.00","35.00","-22.000000","-23.0","0.000000","0.0","91.00","12.00","6.65","6.66","5.35","5.34","0.00","0.00","15.43","200.00","15.63","192.30","0.30","0.00","0.30","-0.28","-0.28","0.30","0.68","-0.10","227.42","-0.20","-0.01","0.23","-0.01","0.00","-0.01","3.91","-1.5","0.44","-2.3","0.00","0.0","-0.01"
00:03:35,"9,619.78","-3,735.84","6.73",Off,"6.70","14.6","-30.000000","-60.000000","83.000000","109.000000","-3.000000","-80.000000","35.00","35.00","35.00","35.00","-22.000000","-22.0","0.000000","0.0","91.00","12.00","6.65","6.66","5.35","5.34","0.00","0.00","15.43","200.00","15.64","192.10","0.30","0.00","0.29","-0.28","-0.28","0.29","0.65","-0.08","226.44","-0.21","-0.02","0.23","-0.01","0.00","0.01","3.97","-1.7","0.41","-2.1","0.00","-0.0","-0.00"
00:03:36,"9,620.04","-3,736.16","6.96",Off,"6.90","13.5","-30.000000","-60.000000","83.000000","109.000000","-7.000000","-80.000000","35.00","35.00","35.00","35.00","-22.000000","-22.0","0.000000","0.0","92.00","12.00","6.66","6.66","5.34","5.34","0.00","0.00","15.43","200.00","15.65","191.80","0.30","0.00","0.29","-0.29","-0.29","0.29","0.62","-0.05","225.31","-0.22","-0.03","0.23","-0.01","-0.00","-0.01","4.01","-1.8","0.38","-1.7","0.00","-0.0","-0.01"
00:03:37,"9,620.29","-3,736.50","7.18",Off,"7.20","12.5","-30.000000","-60.000000","83.000000","109.000000","-12.000000","-80.000000","35.00","35.00","35.00","35.00","-22.000000","-22.0","0.000000","0.0","92.00","12.00","6.65","6.65","5.35","5.35","0.00","0.00","15.43","200.00","15.66","191.60","0.30","0.00","0.29","-0.30","-0.30","0.29","0.59","-0.03","224.17","-0.22","-0.03","0.23","-0.01","0.01","0.03","4.03","-1.8","0.35","-1.1","0.00","-0.0","0.00"
00:03:38,"9,620.54","-3,736.84","7.38",Off,"7.30","11.4","-30.000000","-60.000000","84.000000","109.000000","-20.000000","-80.000000","35.00","35.00","35.00","35.00","-22.000000","-22.0","0.000000","0.0","93.00","12.00","6.65","6.65","5.35","5.35","0.00","0.00","15.43","200.00","15.68","191.40","0.30","0.00","0.29","-0.32","-0.32","0.29","0.56","-0.00","222.91","-0.23","-0.04","0.23","-0.01","0.00","-0.02","4.03","-1.8","0.34","-0.5","0.00","-0.0","-0.01"
00:03:39,"9,620.78","-3,737.20","7.56",Off,"7.50","10.4","-30.000000","-60.000000","84.000000","109.000000","-28.000000","-80.000000","35.00","35.00","35.00","35.00","-23.000000","-23.0","0.000000","0.0","93.00","12.00","6.66","6.66","5.34","5.34","0.00","0.00","15.43","200.00","15.69","191.20","0.30","0.00","0.29","-0.33","-0.33","0.29","0.54","0.02","221.66","-0.24","-0.04","0.22","-0.01","-0.00","0.01","4.02","-1.8","0.34","0.0","0.00","-0.0","-0.01"
00:03:40,"9,621.02","-3,737.57","7.73",Off,"7.70","9.4","-30.000000","-60.000000","85.000000","109.000000","-36.000000","-80.000000","35.00","35.00","35.00","35.00","-23.000000","-23.0","0.000000","0.0","93.00","12.00","6.65","6.65","5.35","5.35","0.00","0.00","15.43","200.00","15.70","191.10","0.30","0.00","0.28","-0.34","-0.34","0.28","0.51","0.05","220.35","-0.25","-0.04","0.22","-0.01","0.01","0.01","3.99","-1.8","0.34","0.4","0.00","0.0","-0.01"
00:03:41,"9,621.25","-3,737.95","7.87",Off,"7.80","8.3","-30.000000","-60.000000","85.000000","109.000000","-44.000000","-80.000000","35.00","35.00","35.00","35.00","-23.000000","-23.0","0.000000","0.0","94.00","12.00","6.66","6.67","5.34","5.33","0.00","0.00","15.43","200.00","15.72","190.90","0.30","0.00","0.28","-0.35","-0.35","0.28","0.48","0.07","219.10","-0.26","-0.05","0.22","-0.01","-0.00","-0.02","3.94","-1.8","0.35","0.6","0.00","0.0","-0.01"
00:03:42,"9,621.48","-3,738.34","8.00",Off,"8.00","7.3","-20.000000","-60.000000","86.000000","109.000000","-40.000000","-80.000000","35.00","35.00","35.00","35.00","-22.000000","-22.0","0.000000","0.0","94.00","12.00","6.66","6.66","5.34","5.34","0.00","0.00","15.43","200.00","15.73","190.80","0.30","0.00","0.28","-0.37","-0.37","0.28","0.46","0.10","217.84","-0.27","-0.05","0.22","-0.01","0.00","0.00","3.88","-1.8","0.36","0.7","0.00","0.0","-0.01"
00:03:43,"9,621.71","-3,738.76","8.12",Off,"8.10","6.3","-20.000000","-60.000000","87.000000","110.000000","-34.000000","-80.000000","35.00","35.00","35.00","35.00","-22.000000","-22.0","0.000000","0.0","95.00","12.00","6.65","6.65","5.35","5.35","0.00","0.00","15.43","200.00","15.75","190.60","0.30","0.00","0.28","-0.38","-0.38","0.28","0.43","0.12","216.69","-0.28","-0.06","0.22","-0.01","0.01","0.01","3.81","-1.8","0.37","0.6","0.00","0.0","0.00"
00:03:44,"9,621.93","-3,739.18","8.21",Off,"8.20","5.4","-20.000000","-60.000000","87.000000","110.000000","-31.000000","-80.000000","35.00","35.00","35.00","35.00","-22.000000","-22.0","0.000000","0.0","95.00","12.00","6.65","6.66","5.35","5.34","0.00","0.00","15.43","200.00","15.76","190.50","0.30","0.00","0.28","-0.40","-0.40","0.28","0.41","0.14","215.65","-0.29","-0.06","0.22","-0.01","-0.00","-0.01","3.72","-1.7","0.38","0.4","0.00","0.0","-0.01"
00:03:45,"9,622.15","-3,739.62","8.30",Off,"8.30","4.5","-20.000000","-60.000000","88.000000","110.000000","-30.000000","-80.000000","35.00","35.00","35.00","35.00","-23.000000","-23.0","0.000000","0.0","96.00","12.00","6.66","6.66","5.34","5.34","0.00","0.00","15.43","200.00","15.78","190.40","0.30","0.00","0.28","-0.41","-0.41","0.28","0.39","0.16","214.68","-0.30","-0.06","0.22","-0.01","0.00","0.02","3.62","-1.7","0.38","0.2","0.00","-0.0","-0.00"
00:03:46,"9,622.36","-3,740.07","8.36",Off,"8.30","3.6","-20.000000","-60.000000","88.000000","110.000000","-30.000000","-80.000000","35.00","35.00","35.00","35.00","-22.000000","-22.0","0.000000","0.0","96.00","12.00","6.65","6.65","5.35","5.35","0.00","0.00","15.43","200.00","15.79","190.40","0.30","0.00","0.28","-0.42","-0.42","0.28","0.36","0.19","213.70","-0.31","-0.06","0.22","-0.01","0.00","-0.01","3.52","-1.7","0.38","0.0","0.00","0.0","-0.00"
00:03:47,"9,622.57","-3,740.53","8.42",Off,"8.40","2.7","-20.000000","-60.000000","88.000000","110.000000","-30.000000","-80.000000","35.00","35.00","35.00","35.00","-22.000000","-22.0","0.000000","0.0","97.00","12.00","6.66","6.66","5.34","5.34","0.00","0.00","15.43","200.00","15.80","190.30","0.30","0.00","0.28","-0.44","-0.44","0.28","0.34","0.21","212.78","-0.32","-0.06","0.21","-0.01","-0.00","-0.00","3.40","-1.6","0.38","-0.1","0.00","0.0","-0.01"
00:03:48,"9,622.78","-3,741.01","8.45",Off,"8.40","1.9","-20.000000","-60.000000","88.000000","110.000000","-30.000000","-80.000000","35.00","35.00","35.00","35.00","-22.000000","-22.0","0.000000","0.0","97.00","12.00","6.66","6.66","5.34","5.34","0.00","0.00","15.43","200.00","15.82","190.30","0.30","0.00","0.27","-0.45","-0.45","0.27","0.32","0.23","211.84","-0.33","-0.06","0.21","-0.01","0.00","0.00","3.28","-1.6","0.38","-0.2","0.00","0.0","-0.01"
00:03:49,"9,622.98","-3,741.50","8.48",Off,"8.40","1.0","-20.000000","-60.000000","88.000000","110.000000","-30.000000","-80.000000","35.00","35.00","35.00","35.00","-22.000000","-22.0","0.000000","0.0","98.00","12.00","6.65","6.65","5.35","5.35","0.00","0.00","15.43","200.00","15.83","190.20","0.30","0.00","0.27","-0.46","-0.46","0.27","0.30","0.25","210.95","-0.34","-0.06","0.21","-0.01","0.00","0.01","3.15","-1.5","0.38","-0.3","0.00","0.0","-0.00"
00:03:50,"9,623.18","-3,742.01","8.49",Off,"8.40","0.3","-20.000000","-60.000000","89.000000","110.000000","-30.000000","-80.000000","35.00","35.00","35.00","35.00","-22.000000","-22.0","0.000000","0.0","98.00","12.00","6.66","6.66","5.34","5.34","0.00","0.00","15.43","200.00","15.84","190.20","0.30","0.00","0.27","-0.48","-0.48","0.27","0.28","0.26","210.03","-0.35","-0.06","0.21","-0.01","-0.00","-0.02","3.01","-1.5","0.38","-0.1","0.00","0.0","-0.02"
00:03:51,"9,623.38","-3,742.52","8.49",Off,"8.40","-0.4","-20.000000","-60.000000","89.000000","110.000000","-30.000000","-80.000000","35.00","35.00","35.00","35.00","-22.000000","-22.0","0.000000","0.0","99.00","12.00","6.66","6.66","5.34","5.34","0.00","0.00","15.43","200.00","15.86","190.20","0.30","0.00","0.27","-0.49","-0.49","0.27","0.26","0.28","209.15","-0.36","-0.06","0.21","-0.01","-0.00","0.02","2.87","-1.4","0.37","-0.1","0.00","0.0","-0.00"
00:03:52,"9,623.57","-3,743.05","8.48",Off,"8.40","-1.1","-20.000000","-60.000000","89.000000","110.000000","-30.000000","-80.000000","35.00","35.00","35.00","35.00","-22.000000","-22.0","0.000000","0.0","100.00","12.00","6.65","6.65","5.35","5.35","0.00","0.00","15.43","200.00","15.87","190.20","0.30","0.00","0.27","-0.50","-0.50","0.27","0.24","0.30","208.30","-0.37","-0.06","0.21","-0.01","0.01","-0.00","2.72","-1.4","0.37","-0.0","0.00","0.0","-0.01"
00:03:53,"9,623.76","-3,743.60","8.45",Off,"8.40","-1.8","-20.000000","-60.000000","89.000000","110.000000","-30.000000","-80.000000","35.00","35.00","35.00","35.00","-22.000000","-22.0","0.000000","0.0","100.00","12.00","6.66","6.67","5.34","5.33","0.00","0.00","15.43","200.00","15.88","190.20","0.30","0.00","0.26","-0.52","-0.52","0.26","0.22","0.31","207.45","-0.38","-0.06","0.21","-0.01","-0.01","-0.01","2.57","-1.3","0.37","0.1","0.00","0.0","-0.02"
00:03:54,"9,623.94","-3,744.15","8.42",Off,"8.40","-2.5","-10.000000","-60.000000","89.000000","110.000000","-29.000000","-80.000000","35.00","35.00","35.00","35.00","-23.000000","-23.0","0.000000","0.0","101.00","12.00","6.65","6.65","5.35","5.35","0.00","0.00","15.43","200.00","15.90","190.30","0.30","0.00","0.26","-0.53","-0.53","0.26","0.20","0.33","206.65","-0.39","-0.06","0.20","-0.01","0.01","0.03","2.41","-1.3","0.38","0.1","0.00","0.0","-0.00"
00:03:55,"9,624.12","-3,744.72","8.37",Off,"8.30","-3.1","-10.000000","-60.000000","89.000000","110.000000","-21.000000","-80.000000","35.00","35.00","35.00","35.00","-23.000000","-23.0","0.000000","0.0","101.00","12.00","6.65","6.66","5.35","5.34","0.00","0.00","15.43","200.00","15.91","190.30","0.30","0.00","0.26","-0.54","-0.54","0.26","0.18","0.34","205.87","-0.40","-0.06","0.20","-0.01","0.00","-0.02","2.25","-1.2","0.38","0.1","0.00","0.0","-0.01"
00:03:56,"9,624.30","-3,745.30","8.31",Off,"8.30","-3.8","-10.000000","-60.000000","89.000000","110.000000","-14.000000","-80.000000","35.00","35.00","35.00","35.00","-23.000000","-23.0","0.000000","0.0","102.00","12.00","6.66","6.67","5.34","5.33","0.00","0.00","15.43","200.00","15.92","190.40","0.30","0.00","0.26","-0.56","-0.56","0.26","0.17","0.35","205.11","-0.41","-0.06","0.20","-0.01","-0.00","0.00","2.09","-1.2","0.38","0.2","0.00","0.0","-0.01"
00:03:57,"9,624.47","-3,745.90","8.24",Off,"8.20","-4.4","-20.000000","-60.000000","89.000000","110.000000","-18.000000","-80.000000","35.00","35.00","35.00","35.00","-22.000000","-22.0","0.000000","0.0","102.00","12.00","6.65","6.66","5.35","5.34","0.00","0.00","15.43","200.00","15.94","190.40","0.30","0.00","0.25","-0.57","-0.57","0.25","0.15","0.37","204.44","-0.42","-0.06","0.20","-0.01","0.00","0.01","1.93","-1.1","0.38","0.2","0.00","0.0","-0.00"
00:03:58,"9,624.64","-3,746.50","8.17",Off,"8.10","-4.9","-20.000000","-60.000000","89.000000","110.000000","-25.000000","-80.000000","35.00","35.00","35.00","35.00","-22.000000","-22.0","0.000000","0.0","103.00","12.00","6.66","6.66","5.34","5.34","0.00","0.00","15.43","200.00","15.95","190.50","0.30","0.00","0.25","-0.58","-0.58","0.25","0.13","0.38","203.82","-0.43","-0.06","0.20","-0.01","0.00","-0.01","1.76","-1.1","0.39","0.1","0.00","0.0","-0.01"
00:03:59,"9,624.81","-3,747.12","8.08",Off,"8.00","-5.5","-20.000000","-60.000000","89.000000","110.000000","-28.000000","-80.000000","35.00","35.00","35.00","35.00","-23.000000","-23.0","0.000000","0.0","104.00","12.00","6.66","6.66","5.34","5.34","0.00","0.00","15.43","200.00","15.96","190.60","0.30","0.00","0.25","-0.59","-0.59","0.25","0.12","0.39","203.19","-0.44","-0.06","0.19","-0.01","-0.00","0.00","1.60","-1.0","0.39","-0.0","0.00","0.0","-0.01"
00:04:00,"9,624.97","-3,747.74","7.98",Off,"7.90","-6.0","-20.000000","-60.000000","89.000000","110.000000","-29.000000","-80.000000","43.00","43.00","35.00","35.00","-22.000000","-23.0","0.000000","0.0","104.00","12.00","6.66","6.66","5.34","5.34","0.00","0.00","15.43","200.00","15.97","190.70","0.30","0.00","0.25","-0.61","-0.61","0.25","0.10","0.40","202.57","-0.45","-0.06","0.19","-0.01","0.00","0.00","1.43","-1.0","0.39","-0.0","0.00","0.0","-0.01"
00:04:01,"9,625.13","-3,748.39","7.88",Off,"7.80","-6.6","-20.000000","-60.000000","89.000000","110.000000","-30.000000","-80.000000","35.00","35.00","35.00","35.00","-22.000000","-22.0","0.000000","0.0","105.00","12.00","6.65","6.66","5.35","5.34","0.00","0.00","15.43","200.00","15.99","190.80","0.30","0.00","0.25","-0.62","-0.62","0.25","0.09","0.41","201.93","-0.46","-0.06","0.19","-0.01","0.00","-0.00","1.26","-1.0","0.38","-0.1","0.00","0.0","-0.01"
00:04:02,"9,625.29","-3,749.04","7.76",Off,"7.70","-7.1","0.000000","-60.000000","89.000000","110.000000","-23.000000","-80.000000","35.00","35.00","35.00","35.00","-22.000000","-22.0","0.000000","0.0","106.00","12.00","6.66","6.66","5.34","5.34","0.00","0.00","15.43","200.00","16.00","190.90","0.30","0.00","0.24","-0.63","-0.63","0.24","0.07","0.42","201.34","-0.47","-0.06","0.19","-0.01","-0.00","-0.01","1.09","-1.0","0.38","-0.1","0.00","0.0","-0.01"
00:04:03,"9,625.44","-3,749.71","7.64",Off,"7.60","-7.6","0.000000","-60.000000","89.000000","110.000000","-15.000000","-80.000000","35.00","35.00","35.00","35.00","-22.000000","-22.0","0.000000","0.0","106.00","12.00","6.66","6.66","5.34","5.34","0.00","0.00","15.43","200.00","16.01","191.00","0.30","0.00","0.24","-0.65","-0.65","0.24","0.06","0.43","200.77","-0.48","-0.06","0.19","-0.01","0.00","0.01","0.93","-0.9","0.38","-0.1","0.00","0.0","-0.01"
00:04:04,"9,625.60","-3,750.38","7.51",Off,"7.40","-8.0","0.000000","-60.000000","89.000000","110.000000","-8.000000","-80.000000","35.00","35.00","35.00","35.00","-22.000000","-22.0","0.000000","0.0","107.00","12.00","6.65","6.66","5.35","5.34","0.00","0.00","15.43","200.00","16.02","191.10","0.30","0.00","0.24","-0.66","-0.66","0.24","0.05","0.44","200.26","-0.49","-0.06","0.19","-0.01","0.00","-0.00","0.76","-0.9","0.38","-0.1","0.00","0.0","-0.01"
00:04:05,"9,625.75","-3,751.07","7.38",Off,"7.30","-8.5","0.000000","-60.000000","89.000000","110.000000","-4.000000","-80.000000","35.00","35.00","35.00","35.00","-22.000000","-22.0","0.000000","0.0","108.00","12.00","6.66","6.66","5.34","5.34","0.00","0.00","15.43","200.00","16.03","191.20","0.30","0.00","0.24","-0.67","-0.67","0.24","0.03","0.45","199.78","-0.50","-0.06","0.18","-0.01","-0.00","0.00","0.59","-0.9","0.38","-0.1","0.00","0.0","-0.01"
00:04:06,"9,625.90","-3,751.77","7.23",Off,"7.20","-8.9","0.000000","-60.000000","89.000000","110.000000","-2.000000","-80.000000","35.00","35.00","35.00","35.00","-22.000000","-22.0","0.000000","0.0","109.00","12.00","6.66","6.66","5.34","5.34","0.00","0.00","15.40","200.00","16.01","191.40","0.30","0.00","0.24","-0.68","-0.68","0.24","0.02","0.46","199.30","-0.51","-0.06","0.18","-0.01","0.00","-0.00","0.43","-0.8","0.38","-0.0","0.00","0.0","-0.01"
00:04:07,"9,626.04","-3,752.48","7.08",Off,"7.00","-9.3","0.000000","-60.000000","89.000000","110.000000","-1.000000","-80.000000","35.00","35.00","35.00","35.00","-22.000000","-22.0","0.000000","0.0","109.00","12.00","6.66","6.66","5.34","5.34","0.00","0.00","15.40","200.00","16.02","191.50","0.30","0.00","0.23","-0.69","-0.69","0.23","0.01","0.47","198.87","-0.52","-0.05","0.18","-0.01","0.00","0.00","0.26","-0.8","0.38","0.0","0.00","0.0","-0.01"
00:04:08,"9,626.19","-3,753.19","6.92",Off,"6.90","-9.7","0.000000","-60.000000","89.000000","110.000000","0.000000","-80.000000","35.00","35.00","35.00","35.00","-22.000000","-22.0","0.000000","0.0","110.00","12.00","6.65","6.66","5.35","5.34","0.00","0.00","15.40","200.00","16.03","191.60","0.30","0.00","0.23","-0.70","-0.70","0.23","-0.00","0.48","198.44","-0.53","-0.05","0.18","-0.00","0.01","0.01","0.10","-0.8","0.38","0.0","0.00","0.0","-0.01"
00:04:09,"9,626.33","-3,753.92","6.75",Off,"6.70","-10.1","10.000000","-60.000000","89.000000","110.000000","1.000000","-80.000000","35.00","35.00","35.00","35.00","-22.000000","-22.0","0.000000","0.0","111.00","12.00","6.66","6.67","5.34","5.33","0.00","0.00","15.40","200.00","16.04","191.80","0.30","0.00","0.23","-0.71","-0.71","0.23","-0.02","0.49","198.03","-0.54","-0.05","0.18","-0.00","-0.00","-0.01","359.94","-0.7","0.38","0.1","0.00","0.0","-0.02"
00:04:10,"9,626.48","-3,754.66","6.58",Off,"6.50","-10.5","10.000000","-60.000000","89.000000","110.000000","5.000000","-80.000000","35.00","35.00","35.00","35.00","-22.000000","-22.0","0.000000","0.0","111.00","12.00","6.66","6.67","5.34","5.33","0.00","0.00","15.40","200.00","16.05","192.00","0.30","0.00","0.23","-0.72","-0.72","0.23","-0.03","0.49","197.64","-0.54","-0.05","0.18","-0.00","0.00","0.02","359.78","-0.7","0.38","0.1","0.00","0.0","-0.00"
00:04:11,"9,626.62","-3,755.40","6.40",Off,"6.30","-10.9","10.000000","-60.000000","89.000000","110.000000","8.000000","-80.000000","35.00","35.00","35.00","35.00","-22.000000","-22.0","0.000000","0.0","112.00","12.00","6.65","6.65","5.35","5.35","0.00","0.00","15.40","200.00","16.06","192.10","0.30","0.00","0.22","-0.73","-0.73","0.22","-0.04","0.50","197.30","-0.55","-0.05","0.17","-0.00","0.01","-0.01","359.62","-0.7","0.38","0.1","0.00","0.0","-0.01"
00:04:12,"9,626.76","-3,756.15","6.22",Off,"6.20","-11.1","10.000000","-60.000000","88.000000","110.000000","9.000000","-80.000000","35.00","35.00","35.00","35.00","-23.000000","-23.0","0.000000","0.0","113.00","12.00","6.67","6.67","5.33","5.33","0.00","0.00","15.40","200.00","16.06","192.30","0.30","0.00","0.22","-0.73","-0.73","0.22","-0.05","0.50","196.92","-0.56","-0.05","0.17","-0.00","-0.01","-0.02","359.46","-0.6","0.39","0.3","0.00","0.0","-0.02"
00:04:13,"9,626.90","-3,756.91","6.03",Off,"6.00","-11.4","10.000000","-60.000000","88.000000","110.000000","10.000000","-80.000000","35.00","35.00","35.00","35.00","-23.000000","-23.0","0.000000","0.0","114.00","12.00","6.66","6.66","5.34","5.34","0.00","0.00","15.40","200.00","16.07","192.50","0.30","0.00","0.22","-0.74","-0.74","0.22","-0.06","0.51","196.56","-0.56","-0.04","0.17","-0.00","0.00","0.04","359.31","-0.5","0.39","0.4","0.00","0.0","-0.00"
00:04:14,"9,627.04","-3,757.67","5.84",Off,"5.80","-11.6","10.000000","-60.000000","88.000000","110.000000","10.000000","-80.000000","35.00","35.00","35.00","35.00","-22.000000","-22.0","0.000000","0.0","114.00","12.00","6.65","6.65","5.35","5.35","0.00","0.00","15.40","200.00","16.08","192.70","0.30","0.00","0.22","-0.75","-0.75","0.22","-0.06","0.51","196.21","-0.57","-0.04","0.17","-0.00","0.01","-0.01","359.16","-0.5","0.40","0.4","0.00","0.0","-0.01"
00:04:15,"9,627.18","-3,758.44","5.65",Off,"5.60","-11.8","10.000000","-60.000000","88.000000","110.000000","10.000000","-80.000000","35.00","35.00","35.00","35.00","0.000000","-13.0","0.000000","0.0","115.00","12.00","6.67","6.68","5.33","5.32","0.00","0.00","15.40","200.00","16.08","192.90","0.30","0.00","0.21","-0.76","-0.76","0.21","-0.07","0.51","195.89","-0.58","-0.04","0.17","-0.00","-0.01","-0.03","359.01","-0.5","0.41","0.4","0.00","0.0","-0.02"
00:04:16,"9,627.32","-3,759.22","5.45",Off,"5.40","-11.7","10.000000","-60.000000","88.000000","110.000000","10.000000","-80.000000","35.00","35.00","35.00","35.00","1.000000","-3.0","0.000000","0.0","116.00","12.00","6.66","6.66","5.34","5.34","0.00","0.00","15.40","200.00","16.09","193.10","0.30","0.00","0.22","-0.76","-0.76","0.22","-0.07","0.51","195.78","-0.58","-0.04","0.16","0.00","0.00","0.02","358.87","-0.3","0.41","-0.4","0.00","-0.0","-0.00"
00:04:17,"9,627.46","-3,760.00","5.26",Off,"5.20","-11.3","10.000000","-60.000000","88.000000","110.000000","10.000000","-80.000000","35.00","35.00","35.00","35.00","1.000000","1.0","0.000000","0.0","117.00","12.00","6.65","6.65","5.35","5.35","0.00","0.00","15.40","200.00","16.09","193.20","0.30","0.00","0.22","-0.77","-0.77","0.22","-0.05","0.51","195.87","-0.59","-0.04","0.16","0.01","0.01","-0.01","358.74","0.0","0.39","-1.3","0.00","-0.0","-0.01"
00:04:18,"9,627.61","-3,760.79","5.07",Off,"5.00","-10.9","10.000000","-60.000000","88.000000","110.000000","10.000000","-80.000000","35.00","35.00","35.00","35.00","1.000000","1.0","0.000000","0.0","118.00","12.00","6.67","6.67","5.33","5.33","0.00","0.00","15.40","200.00","16.10","193.40","0.30","0.00","0.22","-0.78","-0.78","0.22","-0.04","0.50","195.96","-0.59","-0.03","0.17","0.01","-0.00","-0.01","358.62","0.3","0.37","-1.6","0.00","-0.0","-0.02"
00:04:19,"9,627.77","-3,761.59","4.89",Off,"4.80","-10.6","10.000000","-60.000000","87.000000","110.000000","10.000000","-80.000000","35.00","35.00","35.00","35.00","1.000000","1.0","0.000000","0.0","118.00","12.00","6.66","6.67","5.34","5.33","0.00","0.00","15.40","200.00","16.10","193.50","0.30","0.00","0.22","-0.78","-0.78","0.22","-0.03","0.49","195.96","-0.60","-0.03","0.17","0.01","0.00","0.02","358.51","0.4","0.34","-1.8","0.00","0.0","-0.01"
00:04:20,"9,627.92","-3,762.39","4.72",Off,"4.70","-10.2","20.000000","-60.000000","87.000000","110.000000","11.000000","-80.000000","35.00","35.00","35.00","35.00","1.000000","1.0","0.000000","0.0","119.00","12.00","6.65","6.66","5.35","5.34","0.00","0.00","15.40","200.00","16.11","193.70","0.30","0.00","0.22","-0.79","-0.79","0.22","-0.02","0.48","195.86","-0.60","-0.03","0.17","0.01","0.00","-0.01","358.42","0.5","0.32","-1.2","0.00","0.0","-0.01"
00:04:21,"9,628.08","-3,763.20","4.55",Off,"4.50","-9.9","20.000000","-60.000000","87.000000","110.000000","15.000000","-80.000000","35.00","35.00","35.00","35.00","1.000000","1.0","0.000000","0.0","120.00","12.00","6.66","6.67","5.34","5.33","0.00","0.00","15.40","200.00","16.11","193.90","0.30","0.00","0.22","-0.80","-0.80","0.22","-0.01","0.48","195.76","-0.61","-0.03","0.17","0.01","-0.00","-0.01","358.33","0.5","0.30","-0.9","0.00","0.0","-0.02"
00:04:22,"9,628.24","-3,764.01","4.40",Off,"4.30","-9.1","20.000000","-60.000000","87.000000","110.000000","22.000000","-80.000000","35.00","35.00","35.00","35.00","1.000000","1.0","0.000000","0.0","121.00","12.00","6.65","6.66","5.35","5.34","0.00","0.00","15.40","200.00","16.11","194.00","0.80","0.00","0.22","-0.80","-0.80","0.22","0.00","0.45","195.55","-0.63","-0.03","0.18","0.01","0.01","0.04","358.26","0.8","0.30","0.3","0.00","0.0","0.01"
00:04:23,"9,628.40","-3,764.82","4.25",Off,"4.20","-8.2","20.000000","-60.000000","87.000000","110.000000","25.000000","-80.000000","51.00","51.00","35.00","35.00","2.000000","1.0","0.000000","0.0","121.00","12.00","6.63","6.64","5.37","5.36","0.00","0.00","15.40","200.00","16.12","194.20","0.80","0.00","0.22","-0.80","-0.80","0.22","0.02","0.43","195.32","-0.62","-0.02","0.17","0.01","0.01","-0.03","358.20","1.0","0.31","1.1","0.00","0.0","-0.00"
00:04:24,"9,628.56","-3,765.64","4.12",Off,"4.10","-7.3","20.000000","-60.000000","87.000000","110.000000","26.000000","-80.000000","50.00","50.00","35.00","35.00","2.000000","2.0","0.000000","0.0","122.00","12.00","6.67","6.68","5.33","5.32","0.00","0.00","15.40","200.00","16.12","194.30","0.80","0.00","0.22","-0.80","-0.80","0.22","0.04","0.40","195.14","-0.62","-0.02","0.17","0.01","-0.02","-0.03","358.15","1.3","0.34","1.7","0.00","0.0","-0.03"
00:04:25,"9,628.72","-3,766.45","4.01",Off,"3.90","-6.3","20.000000","-60.000000","87.000000","110.000000","27.000000","-80.000000","50.00","50.00","35.00","35.00","1.000000","1.0","0.000000","0.0","123.00","12.00","6.68","6.69","5.32","5.31","0.00","0.00","15.40","200.00","16.12","194.40","0.80","0.00","0.21","-0.80","-0.80","0.21","0.06","0.38","195.07","-0.62","-0.02","0.17","0.00","-0.01","0.02","358.13","1.4","0.37","2.1","0.00","-0.0","-0.02"
00:04:26,"9,628.88","-3,767.26","3.91",Off,"3.90","-5.5","20.000000","-60.000000","87.000000","110.000000","27.000000","-80.000000","50.00","50.00","35.00","35.00","1.000000","1.0","0.000000","0.0","124.00","12.00","6.63","6.64","5.37","5.36","0.00","0.00","15.40","200.00","16.11","194.50","0.80","0.00","0.22","-0.80","-0.80","0.22","0.08","0.35","195.06","-0.62","-0.01","0.17","0.00","0.02","0.04","358.12","1.5","0.39","1.6","0.00","-0.0","0.01"
00:04:27,"9,629.04","-3,768.07","3.83",Off,"3.80","-4.6","30.000000","-60.000000","87.000000","110.000000","27.000000","-80.000000","50.00","50.00","35.00","35.00","1.000000","1.0","0.000000","0.0","125.00","12.00","6.65","6.65","5.35","5.35","0.00","0.00","15.40","200.00","16.11","194.60","0.80","0.00","0.22","-0.80","-0.80","0.22","0.10","0.33","195.13","-0.62","-0.01","0.17","0.01","0.00","-0.03","358.13","1.5","0.42","1.2","0.00","-0.0","-0.01"
00:04:28,"9,629.20","-3,768.89","3.76",Off,"3.70","-3.7","30.000000","-60.000000","87.000000","110.000000","31.000000","-80.000000","35.00","35.00","35.00","35.00","1.000000","1.0","0.000000","0.0","125.00","12.00","6.68","6.68","5.32","5.32","0.00","0.00","15.40","200.00","16.11","194.70","0.80","0.00","0.22","-0.80","-0.80","0.22","0.13","0.31","195.23","-0.62","-0.01","0.17","0.01","-0.01","-0.01","358.14","1.5","0.43","0.8","0.00","-0.0","-0.02"
00:04:29,"9,629.37","-3,769.69","3.70",Off,"3.60","-2.6","30.000000","-60.000000","86.000000","110.000000","38.000000","-80.000000","50.00","50.00","35.00","35.00","1.000000","1.0","0.000000","0.0","126.00","12.00","6.64","6.65","5.36","5.35","0.00","0.00","15.40","200.00","16.11","194.70","0.80","0.00","0.22","-0.80","-0.80","0.22","0.15","0.28","195.25","-0.62","-0.00","0.17","0.01","0.01","0.03","358.18","1.6","0.45","0.8","0.00","-0.0","0.01"
00:04:30,"9,629.53","-3,770.50","3.67",Off,"3.60","-1.3","30.000000","-60.000000","86.000000","110.000000","42.000000","-80.000000","35.00","35.00","35.00","35.00","1.000000","1.0","0.000000","0.0","127.00","12.00","6.64","6.65","5.36","5.35","0.00","0.00","15.40","200.00","16.11","194.80","0.80","0.00","0.21","-0.79","-0.79","0.21","0.18","0.25","195.22","-0.61","0.00","0.17","0.00","0.01","-0.00","358.23","1.9","0.46","0.8","0.00","-0.0","0.00"
00:04:31,"9,629.69","-3,771.30","3.66",Off,"3.60","0.0","30.000000","-60.000000","85.000000","110.000000","43.000000","-80.000000","67.00","67.00","35.00","35.00","1.000000","1.0","0.000000","0.0","128.00","12.00","6.66","6.67","5.34","5.33","0.00","0.00","15.40","200.00","16.10","194.80","0.80","0.00","0.21","-0.79","-0.79","0.21","0.21","0.21","195.17","-0.61","0.00","0.17","0.00","-0.01","-0.04","358.29","2.0","0.47","0.8","0.00","-0.0","-0.02"
00:04:32,"9,629.86","-3,772.09","3.67",Off,"3.60","1.3","30.000000","-60.000000","85.000000","110.000000","44.000000","-80.000000","35.00","35.00","35.00","35.00","1.000000","1.0","0.000000","0.0","129.00","12.00","6.66","6.67","5.34","5.33","0.00","0.00","15.40","200.00","16.10","194.80","0.80","0.00","0.21","-0.78","-0.78","0.21","0.24","0.18","195.22","-0.61","0.01","0.16","0.00","-0.00","0.02","358.38","2.1","0.48","0.5","0.00","-0.0","-0.01"
00:04:33,"9,630.02","-3,772.88","3.70",Off,"3.70","2.6","30.000000","-60.000000","84.000000","110.000000","44.000000","-80.000000","35.00","35.00","35.00","35.00","1.000000","1.0","0.000000","0.0","129.00","12.00","6.64","6.65","5.36","5.35","0.00","0.00","15.40","200.00","16.09","194.80","0.80","0.00","0.21","-0.77","-0.77","0.21","0.27","0.15","195.29","-0.60","0.01","0.16","-0.00","0.01","0.01","358.48","2.2","0.49","0.2","0.00","-0.0","0.01"
00:04:34,"9,630.18","-3,773.67","3.76",Off,"3.70","3.8","30.000000","-60.000000","84.000000","110.000000","44.000000","-80.000000","35.00","35.00","35.00","35.00","1.000000","1.0","0.000000","0.0","130.00","12.00","6.65","6.65","5.35","5.35","0.00","0.00","15.40","200.00","16.09","194.80","0.80","200.00","0.21","-0.77","-0.77","0.21","0.30","0.12","195.37","-0.60","0.01","0.16","-0.00","-0.00","-0.03","358.60","2.2","0.49","-0.1","0.00","-0.0","-0.01"
00:04:35,"9,630.34","-3,774.45","3.83",Off,"3.80","5.0","30.000000","-60.000000","84.000000","110.000000","44.000000","-80.000000","35.00","35.00","35.00","35.00","1.000000","1.0","0.000000","0.0","131.00","12.00","6.65","6.66","5.35","5.34","0.00","0.00","15.40","200.00","16.08","194.70","0.80","200.00","0.21","-0.76","-0.76","0.21","0.33","0.09","195.48","-0.59","0.02","0.16","-0.00","0.00","0.05","358.73","2.2","0.49","-0.3","0.00","-0.0","0.01"
00:04:36,"9,630.50","-3,775.22","3.92",Off,"3.90","6.1","30.000000","-60.000000","83.000000","110.000000","44.000000","-80.000000","35.00","35.00","35.00","35.00","1.000000","1.0","0.000000","0.0","132.00","12.00","6.63","6.64","5.37","5.36","0.00","0.00","15.40","200.00","16.08","194.60","0.80","200.00","0.21","-0.76","-0.76","0.21","0.36","0.06","195.57","-0.59","0.02","0.16","-0.00","0.01","-0.01","358.88","2.1","0.48","-0.4","0.00","0.0","-0.00"
00:04:37,"9,630.66","-3,775.99","4.04",Off,"4.00","7.3","30.000000","-60.000000","83.000000","110.000000","44.000000","-80.000000","67.00","67.00","35.00","35.00","1.000000","1.0","0.000000","0.0","133.00","12.00","6.65","6.66","5.35","5.34","0.00","0.00","15.40","200.00","16.07","194.50","0.80","200.00","0.21","-0.75","-0.75","0.21","0.39","0.03","195.67","-0.59","0.02","0.16","-0.00","-0.00","-0.00","359.03","2.1","0.48","-0.4","0.00","-0.0","-0.00"
00:04:38,"9,630.82","-3,776.75","4.17",Off,"4.10","8.4","30.000000","-60.000000","83.000000","110.000000","44.000000","-80.000000","67.00","67.00","35.00","35.00","1.000000","1.0","0.000000","0.0","133.00","12.00","6.65","6.65","5.35","5.35","0.00","0.00","15.40","200.00","16.07","194.40","0.80","200.00","0.21","-0.75","-0.75","0.21","0.41","-0.00","195.75","-0.58","0.02","0.16","-0.00","0.00","0.01","359.20","2.0","0.47","-0.4","0.00","-0.0","0.01"
00:04:39,"9,630.97","-3,777.51","4.32",Off,"4.30","9.5","30.000000","-60.000000","83.000000","110.000000","44.000000","-80.000000","67.00","67.00","35.00","35.00","2.000000","1.0","0.000000","0.0","134.00","12.00","6.65","6.65","5.35","5.35","0.00","0.00","15.40","200.00","16.06","194.30","0.80","200.00","0.21","-0.74","-0.74","0.21","0.44","-0.03","195.84","-0.58","0.02","0.16","-0.01","-0.00","-0.03","359.37","2.0","0.46","-0.3","0.00","-0.0","-0.01"
00:04:40,"9,631.13","-3,778.26","4.48",Off,"4.50","10.6","30.000000","-60.000000","83.000000","110.000000","44.000000","-80.000000","35.00","35.00","35.00","35.00","-16.000000","0.0","0.000000","0.0","135.00","12.00","6.65","6.65","5.35","5.35","0.00","0.00","15.40","200.00","16.06","194.20","0.80","200.00","0.21","-0.74","-0.74","0.21","0.47","-0.06","195.93","-0.57","0.02","0.16","-0.01","0.00","0.01","359.56","2.0","0.46","-0.3","0.00","-0.0","-0.00"
00:04:41,"9,631.28","-3,779.01","4.67",Off,"4.60","11.5","30.000000","-60.000000","82.000000","110.000000","44.000000","-80.000000","35.00","35.00","35.00","35.00","-21.000000","-10.0","0.000000","0.0","136.00","12.00","6.66","6.66","5.34","5.34","0.00","0.00","15.40","200.00","16.06","194.00","0.80","200.00","0.21","-0.73","-0.73","0.21","0.49","-0.08","195.97","-0.57","0.02","0.16","-0.01","-0.00","-0.00","359.75","1.9","0.46","0.0","0.00","-0.0","-0.01"
00:04:42,"9,631.42","-3,779.75","4.86",Off,"4.80","12.0","30.000000","-60.000000","82.000000","110.000000","44.000000","-80.000000","35.00","35.00","35.00","35.00","-22.000000","-21.0","0.000000","0.0","136.00","12.00","6.66","6.66","5.34","5.34","0.00","0.00","15.40","200.00","16.05","193.80","0.80","200.00","0.20","-0.73","-0.73","0.20","0.49","-0.10","195.82","-0.56","0.02","0.16","-0.01","0.00","-0.01","359.95","1.6","0.47","0.9","0.00","-0.0","-0.01"
00:04:43,"9,631.56","-3,780.49","5.07",Off,"5.00","12.5","30.000000","-60.000000","82.000000","110.000000","44.000000","-80.000000","35.00","35.00","35.00","35.00","-22.000000","-22.0","0.000000","0.0","137.00","12.00","6.66","6.67","5.34","5.33","0.00","0.00","15.40","200.00","16.05","193.70","0.80","200.00","0.20","-0.72","-0.72","0.20","0.50","-0.12","195.49","-0.56","0.02","0.16","-0.02","-0.00","-0.01","0.14","1.3","0.49","1.4","0.00","-0.0","-0.02"
00:04:44,"9,631.69","-3,781.22","5.28",Off,"5.30","12.9","30.000000","-60.000000","82.000000","110.000000","44.000000","-80.000000","67.00","67.00","35.00","35.00","-21.000000","-21.0","0.000000","0.0","138.00","12.00","6.66","6.66","5.34","5.34","0.00","0.00","15.40","200.00","16.05","193.50","0.80","200.00","0.19","-0.71","-0.71","0.19","0.51","-0.13","195.25","-0.56","0.02","0.16","-0.02","0.00","0.02","0.34","1.1","0.51","1.6","0.00","-0.0","-0.01"
00:04:45,"9,631.82","-3,781.95","5.50",Off,"5.50","13.4","30.000000","-60.000000","82.000000","110.000000","44.000000","-80.000000","35.00","35.00","35.00","35.00","-20.000000","-20.0","0.000000","0.0","139.00","12.00","6.67","6.67","5.33","5.33","0.00","0.00","15.40","200.00","16.04","193.30","0.80","200.00","0.19","-0.71","-0.71","0.19","0.52","-0.15","195.17","-0.55","0.02","0.15","-0.02","-0.00","-0.04","0.53","1.0","0.53","1.2","0.00","-0.0","-0.02"
00:04:46,"9,631.94","-3,782.67","5.72",Off,"5.70","13.8","30.000000","-60.000000","82.000000","110.000000","44.000000","-80.000000","35.00","35.00","35.00","35.00","-22.000000","-21.0","0.000000","0.0","139.00","12.00","6.66","6.67","5.34","5.33","0.00","0.00","15.40","200.00","16.04","193.10","0.80","200.00","0.19","-0.70","-0.70","0.19","0.53","-0.16","195.14","-0.55","0.02","0.15","-0.02","0.00","0.03","0.72","0.9","0.55","0.8","0.00","0.0","-0.01"
00:04:47,"9,632.05","-3,783.39","5.96",Off,"5.90","14.3","30.000000","-60.000000","82.000000","110.000000","44.000000","-80.000000","67.00","67.00","35.00","35.00","-21.000000","-21.0","0.000000","0.0","140.00","12.00","6.66","6.66","5.34","5.34","0.00","0.00","15.40","200.00","16.04","192.90","0.80","200.00","0.19","-0.70","-0.70","0.19","0.53","-0.17","195.12","-0.54","0.02","0.15","-0.02","0.00","0.00","0.91","0.9","0.56","0.3","0.00","0.0","-0.02"
00:04:48,"9,632.17","-3,784.10","6.20",Off,"6.20","14.7","30.000000","-60.000000","82.000000","110.000000","44.000000","-80.000000","67.00","67.00","35.00","35.00","-22.000000","-21.0","0.000000","0.0","141.00","12.00","6.67","6.67","5.33","5.33","0.00","0.00","15.40","200.00","16.03","192.60","0.80","200.00","0.19","-0.69","-0.69","0.19","0.54","-0.19","195.09","-0.54","0.02","0.15","-0.02","-0.00","0.01","1.09","0.8","0.56","-0.2","0.00","0.0","-0.02"
00:04:49,"9,632.28","-3,784.81","6.45",Off,"6.40","15.2","30.000000","-60.000000","82.000000","110.000000","44.000000","-80.000000","35.00","35.00","35.00","35.00","-22.000000","-22.0","0.000000","0.0","142.00","12.00","6.67","6.67","5.33","5.33","0.00","0.00","15.40","200.00","16.03","192.40","0.80","200.00","0.18","-0.69","-0.69","0.18","0.55","-0.20","195.03","-0.54","0.02","0.15","-0.02","0.00","0.01","1.28","0.8","0.56","-0.5","0.00","0.0","-0.02"
00:04:50,"9,632.38","-3,785.51","6.71",Off,"6.70","15.6","30.000000","-60.000000","82.000000","110.000000","44.000000","-80.000000","35.00","35.00","35.00","35.00","-24.000000","-21.0","0.000000","0.0","142.00","12.00","6.66","6.66","5.34","5.34","0.00","0.00","15.40","200.00","16.03","192.20","0.80","200.00","0.18","-0.68","-0.68","0.18","0.56","-0.21","194.92","-0.53","0.02","0.14","-0.02","0.00","0.00","1.46","0.8","0.54","-0.7","0.00","0.0","-0.01"
00:04:51,"9,632.48","-3,786.21","6.97",Off,"6.90","16.1","30.000000","-60.000000","82.000000","110.000000","44.000000","-80.000000","67.00","67.00","35.00","35.00","-36.000000","-34.0","0.000000","0.0","143.00","12.00","6.67","6.68","5.33","5.32","0.00","0.00","15.40","200.00","16.02","192.00","0.80","200.00","0.18","-0.68","-0.68","0.18","0.57","-0.23","194.83","-0.53","0.02","0.14","-0.02","-0.00","-0.02","1.64","0.8","0.53","-1.0","0.00","-0.0","-0.03"
00:04:52,"9,632.56","-3,786.90","7.23",Off,"7.20","15.9","30.000000","-60.000000","82.000000","110.000000","44.000000","-80.000000","67.00","67.00","35.00","35.00","-36.000000","-37.0","0.000000","0.0","144.00","12.00","6.67","6.67","5.33","5.33","0.00","0.00","15.40","200.00","16.02","191.70","0.80","200.00","0.17","-0.67","-0.67","0.17","0.55","-0.24","194.22","-0.52","0.02","0.14","-0.03","0.00","0.02","1.81","0.5","0.53","0.2","0.00","-0.0","-0.01"
00:04:53,"9,632.64","-3,787.58","7.50",Off,"7.50","15.8","30.000000","-60.000000","82.000000","110.000000","44.000000","-80.000000","35.00","35.00","35.00","35.00","-36.000000","-36.0","0.000000","0.0","144.00","12.00","6.66","6.66","5.34","5.34","0.00","0.00","15.40","200.00","16.02","191.50","1.30","200.00","0.16","-0.67","-0.67","0.16","0.54","-0.24","193.71","-0.52","0.02","0.13","-0.03","0.00","-0.03","1.98","0.3","0.54","0.0","0.00","-0.1","-0.01"
00:04:54,"9,632.71","-3,788.26","7.76",Off,"7.70","15.8","30.000000","-60.000000","82.000000","110.000000","44.000000","-80.000000","35.00","35.00","35.00","35.00","-37.000000","-37.0","0.000000","0.0","145.00","12.00","6.66","6.66","5.34","5.34","0.00","0.00","15.40","200.00","16.02","191.30","1.30","200.00","0.15","-0.66","-0.66","0.15","0.54","-0.25","193.34","-0.52","0.02","0.13","-0.04","0.00","0.01","2.14","0.1","0.54","0.6","0.00","0.0","0.00"
00:04:55,"9,632.77","-3,788.94","8.02",Off,"8.00","15.8","30.000000","-60.000000","82.000000","110.000000","44.000000","-80.000000","35.00","35.00","35.00","35.00","-36.000000","-36.0","0.000000","0.0","146.00","12.00","6.61","6.61","5.39","5.39","0.00","0.00","15.40","200.00","16.02","191.10","1.30","200.00","0.15","-0.66","-0.66","0.15","0.53","-0.25","192.81","-0.51","0.02","0.12","-0.04","0.03","0.05","2.29","0.1","0.56","0.9","0.00","0.1","0.05"
00:04:56,"9,632.82","-3,789.60","8.29",Off,"8.30","15.8","30.000000","-60.000000","82.000000","110.000000","44.000000","-80.000000","35.00","35.00","35.00","35.00","-36.000000","-36.0","0.000000","0.0","146.00","12.00","6.61","6.62","5.39","5.38","0.00","0.00","15.40","200.00","16.01","190.80","1.30","200.00","0.14","-0.65","-0.65","0.14","0.52","-0.26","192.41","-0.51","0.02","0.12","-0.04","0.01","-0.05","2.43","0.0","0.57","0.7","0.00","0.0","0.02"
00:04:57,"9,632.86","-3,790.27","8.55",Off,"8.50","15.8","30.000000","-60.000000","82.000000","110.000000","44.000000","-80.000000","0.00","0.00","35.00","35.00","-37.000000","-36.0","0.000000","0.0","147.00","12.00","6.64","6.65","5.36","5.35","0.00","0.00","15.40","200.00","16.01","190.60","1.30","200.00","0.14","-0.65","-0.65","0.14","0.52","-0.26","192.07","-0.50","0.02","0.11","-0.04","-0.01","-0.00","2.56","0.0","0.58","0.2","0.00","-0.0","0.01"
00:04:58,"9,632.90","-3,790.92","8.81",Off,"8.80","15.7","30.000000","-60.000000","82.000000","110.000000","44.000000","-80.000000","0.00","0.00","33.00","33.00","-37.000000","-37.0","0.000000","0.0","148.00","12.00","6.65","6.66","5.35","5.34","0.00","0.00","15.40","200.00","16.01","190.40","1.30","200.00","0.13","-0.64","-0.64","0.13","0.51","-0.26","191.92","-0.50","0.02","0.11","-0.04","-0.01","-0.02","2.69","-0.0","0.57","-1.2","0.00","-0.2","-0.00"
00:04:59,"9,632.93","-3,791.58","9.07",Off,"9.00","15.6","30.000000","-60.000000","82.000000","110.000000","44.000000","-80.000000","0.00","0.00","31.00","31.00","-37.000000","-37.0","0.000000","0.0","148.00","12.00","6.64","6.64","5.36","5.36","0.00","0.00","15.40","200.00","16.00","190.10","1.30","200.00","0.13","-0.64","-0.64","0.13","0.50","-0.27","191.49","-0.50","0.02","0.11","-0.04","0.01","0.03","2.81","-0.1","0.55","-0.5","0.00","0.0","0.03"
00:05:00,"9,632.95","-3,792.22","9.33",Off,"9.30","15.4","30.000000","-60.000000","82.000000","110.000000","44.000000","-80.000000","0.00","0.00","29.00","29.00","-36.000000","-36.0","0.000000","0.0","149.00","12.00","6.59","6.59","5.41","5.41","0.00","0.00","15.40","200.00","16.00","189.90","1.30","200.00","0.12","-0.63","-0.63","0.12","0.49","-0.27","190.98","-0.49","0.02","0.10","-0.04","0.02","-0.01","2.92","-0.2","0.55","-0.4","0.00","0.1","0.05"
00:05:01,"9,632.96","-3,792.86","9.59",Off,"9.60","15.2","30.000000","-60.000000","82.000000","110.000000","44.000000","-80.000000","0.00","0.00","27.00","27.00","-37.000000","-37.0","0.000000","0.0","150.00","12.00","6.65","6.65","5.35","5.35","0.00","0.00","15.40","200.00","16.00","189.70","1.30","200.00","0.12","-0.63","-0.63","0.12","0.48","-0.27","190.66","-0.49","0.02","0.10","-0.04","-0.02","-0.06","3.03","-0.2","0.54","-0.8","0.00","0.1","-0.01"
00:05:02,"9,632.97","-3,793.50","9.84",Off,"9.80","14.9","30.000000","-60.000000","82.000000","110.000000","44.000000","-80.000000","0.00","0.00","25.00","25.00","-36.000000","-36.0","0.000000","0.0","150.00","12.00","6.64","6.65","5.36","5.35","0.00","0.00","15.40","200.00","15.99","189.50","1.30","200.00","0.11","-0.62","-0.62","0.11","0.47","-0.27","190.38","-0.48","0.02","0.09","-0.04","-0.00","0.06","3.12","-0.3","0.52","-1.2","0.00","-0.0","0.01"
00:05:03,"9,632.97","-3,794.13","10.08",Off,"10.10","14.6","30.000000","-60.000000","82.000000","110.000000","44.000000","-80.000000","0.00","0.00","23.00","23.00","-36.000000","-36.0","0.000000","0.0","151.00","12.00","6.66","6.66","5.34","5.34","0.00","0.00","15.40","200.00","15.99","189.20","1.30","200.00","0.11","-0.62","-0.62","0.11","0.46","-0.26","190.56","-0.48","0.02","0.09","-0.03","-0.01","-0.04","3.21","-0.4","0.48","-2.3","0.00","-0.2","-0.02"
00:05:04,"9,632.97","-3,794.75","10.32",Off,"10.30","14.2","30.000000","-60.000000","82.000000","110.000000","44.000000","-80.000000","0.00","0.00","21.00","21.00","-37.000000","-37.0","0.000000","0.0","151.00","12.00","6.68","6.68","5.32","5.32","0.00","0.00","15.40","200.00","15.99","189.00","1.30","200.00","0.10","-0.61","-0.61","0.10","0.44","-0.26","189.74","-0.48","0.02","0.09","-0.04","-0.01","0.02","3.29","-0.5","0.45","-0.7","0.00","0.2","-0.02"
00:05:05,"9,632.96","-3,795.37","10.55",Off,"10.50","13.7","30.000000","-60.000000","82.000000","110.000000","44.000000","-80.000000","0.00","0.00","18.00","18.00","-36.000000","-36.0","0.000000","0.0","152.00","12.00","6.62","6.62","5.38","5.38","0.00","0.00","15.40","200.00","15.99","188.80","1.30","200.00","0.10","-0.61","-0.61","0.10","0.43","-0.25","189.18","-0.47","0.02","0.08","-0.04","0.03","0.07","3.35","-0.6","0.44","-0.6","0.00","0.1","0.04"
00:05:06,"9,632.94","-3,795.98","10.78",Off,"10.70","13.1","30.000000","-60.000000","82.000000","110.000000","44.000000","-80.000000","0.00","0.00","16.00","16.00","-37.000000","-37.0","0.000000","0.0","153.00","12.00","6.65","6.66","5.35","5.34","0.00","0.00","15.40","200.00","15.98","188.60","1.30","200.00","0.09","-0.60","-0.60","0.09","0.41","-0.24","188.87","-0.47","0.02","0.08","-0.04","-0.01","-0.09","3.41","-0.7","0.43","-0.7","0.00","0.0","-0.04"
00:05:07,"9,632.91","-3,796.59","10.99",Off,"11.00","12.5","30.000000","-60.000000","82.000000","110.000000","44.000000","-80.000000","0.00","0.00","14.00","14.00","-36.000000","-36.0","0.000000","0.0","153.00","12.00","6.69","6.70","5.31","5.30","0.00","0.00","15.40","200.00","15.98","188.40","1.30","200.00","0.09","-0.60","-0.60","0.09","0.39","-0.23","188.57","-0.47","0.02","0.08","-0.04","-0.02","0.03","3.45","-0.9","0.42","-1.5","0.00","-0.2","-0.03"
00:05:08,"9,632.89","-3,797.20","11.19",Off,"11.20","11.9","30.000000","-60.000000","82.000000","110.000000","44.000000","-80.000000","0.00","0.00","12.00","12.00","-37.000000","-37.0","0.000000","0.0","154.00","12.00","6.67","6.67","5.33","5.33","0.00","0.00","15.40","200.00","15.98","188.20","1.30","200.00","0.09","-0.60","-0.60","0.09","0.38","-0.21","188.72","-0.46","0.02","0.07","-0.03","0.01","0.01","3.48","-1.0","0.38","-2.3","0.00","-0.3","-0.02"
00:05:09,"9,632.85","-3,797.79","11.38",Off,"11.40","11.1","30.000000","-60.000000","82.000000","110.000000","44.000000","-80.000000","0.00","0.00","10.00","10.00","-37.000000","-37.0","0.000000","0.0","155.00","12.00","6.66","6.66","5.34","5.34","0.00","0.00","15.40","200.00","15.97","188.10","1.30","200.00","0.08","-0.59","-0.59","0.08","0.35","-0.20","187.90","-0.46","0.02","0.07","-0.03","0.01","0.00","3.50","-1.1","0.37","-0.1","0.00","0.2","-0.00"
00:05:10,"9,632.81","-3,798.39","11.56",Off,"11.50","10.3","30.000000","-60.000000","82.000000","110.000000","44.000000","-80.000000","0.00","0.00","8.00","8.00","-36.000000","-36.0","0.000000","0.0","155.00","12.00","6.62","6.62","5.38","5.38","0.00","0.00","15.40","200.00","15.97","187.90","1.30","200.00","0.08","-0.59","-0.59","0.08","0.33","-0.19","187.49","-0.46","0.02","0.07","-0.03","0.02","0.06","3.51","-1.2","0.37","-0.0","0.00","0.2","0.04"
00:05:11,"9,632.77","-3,798.98","11.73",Off,"11.70","9.5","30.000000","-60.000000","82.000000","110.000000","44.000000","-80.000000","0.00","0.00","6.00","6.00","-37.000000","-37.0","0.000000","0.0","156.00","12.00","6.61","6.62","5.39","5.38","0.00","0.00","15.40","200.00","15.97","187.80","1.30","200.00","0.07","-0.58","-0.58","0.07","0.30","-0.17","187.29","-0.45","0.02","0.06","-0.03","0.01","-0.06","3.50","-1.3","0.37","-0.3","0.00","0.1","-0.00"
00:05:12,"9,632.72","-3,799.56","11.88",Off,"11.80","8.6","30.000000","-60.000000","82.000000","110.000000","44.000000","-80.000000","0.00","0.00","4.00","4.00","-36.000000","-36.0","0.000000","0.0","156.00","12.00","6.71","6.72","5.29","5.28","0.00","0.00","15.40","200.00","15.97","187.60","1.30","200.00","0.07","-0.58","-0.58","0.07","0.28","-0.14","187.14","-0.45","0.02","0.06","-0.03","-0.04","-0.05","3.48","-1.4","0.36","-1.6","0.00","-0.2","-0.07"
00:05:13,"9,632.67","-3,800.14","12.01",Off,"12.00","7.6","30.000000","-60.000000","82.000000","110.000000","44.000000","-80.000000","0.00","0.00","2.00","2.00","-37.000000","-36.0","0.000000","0.0","157.00","12.00","6.65","6.65","5.35","5.35","0.00","0.00","15.40","200.00","15.96","187.50","1.30","200.00","0.07","-0.58","-0.58","0.07","0.25","-0.12","187.24","-0.45","0.02","0.06","-0.03","0.02","0.19","3.45","-1.5","0.33","-1.0","0.00","-0.1","0.06"
00:05:14,"9,632.62","-3,800.72","12.13",Off,"12.10","6.5","30.000000","-60.000000","82.000000","111.000000","44.000000","-80.000000","0.00","0.00","0.00","0.00","-37.000000","-37.0","0.000000","0.0","157.00","12.00","6.57","6.56","5.43","5.44","0.00","0.00","15.40","200.00","15.96","187.40","1.30","200.00","0.06","-0.57","-0.57","0.06","0.22","-0.10","186.66","-0.44","0.02","0.06","-0.03","0.04","-0.06","3.40","-1.6","0.32","-0.1","0.00","0.2","0.04"
00:05:15,"9,632.56","-3,801.29","12.23",Off,"12.20","5.5","30.000000","-60.000000","82.000000","110.000000","44.000000","-80.000000","0.00","0.00","0.00","0.00","-36.000000","-36.0","0.000000","0.0","158.00","12.00","6.68","6.69","5.32","5.31","0.00","0.00","15.40","200.00","15.96","187.30","1.30","200.00","0.06","-0.57","-0.57","0.06","0.20","-0.08","186.40","-0.44","0.02","0.05","-0.03","-0.04","-0.07","3.34","-1.7","0.32","-0.3","0.00","0.1","-0.04"
00:05:16,"9,632.50","-3,801.85","12.31",Off,"12.30","4.5","30.000000","-60.000000","82.000000","110.000000","44.000000","-80.000000","0.00","0.00","0.00","0.00","-29.000000","-36.0","0.000000","0.0","159.00","12.00","6.65","6.65","5.35","5.35","0.00","0.00","15.40","200.00","15.95","187.20","1.30","200.00","0.06","-0.56","-0.56","0.06","0.17","-0.05","186.19","-0.44","0.02","0.05","-0.02","0.01","0.08","3.26","-1.7","0.31","-0.3","0.00","0.0","0.02"
00:05:17,"9,632.44","-3,802.41","12.38",Off,"12.30","3.9","30.000000","-60.000000","82.000000","110.000000","44.000000","-80.000000","0.00","0.00","0.00","0.00","0.000000","-18.0","0.000000","0.0","159.00","12.00","6.63","6.64","5.37","5.36","0.00","0.00","15.40","200.00","15.95","187.20","1.30","200.00","0.06","-0.56","-0.56","0.06","0.16","-0.03","186.15","-0.44","0.02","0.05","-0.02","0.01","-0.04","3.17","-1.6","0.30","-1.9","0.00","-0.2","0.01"
00:05:18,"9,632.38","-3,802.97","12.45",Off,"12.40","3.7","20.000000","-60.000000","82.000000","110.000000","44.000000","-80.000000","0.00","0.00","0.00","0.00","0.000000","-8.0","0.000000","0.0","160.00","12.00","6.64","6.64","5.36","5.36","0.00","0.00","15.40","200.00","15.95","187.10","1.30","200.00","0.07","-0.56","-0.56","0.07","0.15","-0.03","186.63","-0.43","0.02","0.05","-0.01","0.00","0.01","3.08","-1.2","0.26","-2.0","0.00","-0.0","0.02"
00:05:19,"9,632.33","-3,803.53","12.51",Off,"12.50","3.7","20.000000","-60.000000","82.000000","111.000000","40.000000","-80.000000","0.00","0.00","0.00","0.00","0.000000","0.0","0.000000","0.0","160.00","12.00","6.65","6.65","5.35","5.35","0.00","0.00","15.40","200.00","15.94","187.00","1.30","200.00","0.07","-0.55","-0.55","0.07","0.16","-0.02","186.92","-0.43","0.02","0.05","-0.01","-0.00","-0.03","2.99","-0.8","0.23","-2.4","0.00","0.1","0.00"
00:05:20,"9,632.28","-3,804.08","12.57",Off,"12.50","3.8","20.000000","-60.000000","82.000000","110.000000","33.000000","-80.000000","0.00","0.00","0.00","0.00","0.000000","0.0","0.000000","0.0","161.00","12.00","6.65","6.65","5.35","5.35","0.00","0.00","15.40","200.00","15.94","186.90","1.30","200.00","0.07","-0.55","-0.55","0.07","0.17","-0.02","187.59","-0.43","0.02","0.05","-0.00","-0.00","0.01","2.90","-0.4","0.18","-2.8","0.00","0.1","0.02"
00:05:21,"9,632.23","-3,804.64","12.63",Off,"12.60","3.9","20.000000","-60.000000","82.000000","110.000000","29.000000","-80.000000","0.00","0.00","0.00","0.00","0.000000","0.0","0.000000","0.0","161.00","12.00","6.61","6.62","5.39","5.38","0.00","0.00","15.40","200.00","15.94","186.90","1.30","200.00","0.08","-0.55","-0.55","0.08","0.17","-0.02","187.88","-0.43","0.01","0.06","-0.00","0.01","0.01","2.82","-0.2","0.14","-2.6","0.00","-0.0","0.02"
00:05:22,"9,632.19","-3,805.20","12.70",Off,"12.70","3.9","20.000000","-60.000000","82.000000","110.000000","28.000000","-80.000000","0.00","0.00","0.00","0.00","0.000000","0.0","0.000000","0.0","162.00","12.00","6.67","6.68","5.33","5.32","0.00","0.00","15.40","200.00","15.94","186.80","1.30","200.00","0.08","-0.55","-0.55","0.08","0.17","-0.02","188.15","-0.43","0.01","0.06","0.00","-0.02","-0.09","2.75","-0.1","0.10","-1.9","0.00","-0.1","-0.04"
00:05:23,"9,632.14","-3,805.75","12.77",Off,"12.70","4.0","20.000000","-60.000000","83.000000","111.000000","27.000000","-80.000000","0.00","0.00","0.00","0.00","0.000000","0.0","0.000000","0.0","162.00","12.00","6.68","6.68","5.32","5.32","0.00","0.00","15.40","200.00","15.94","186.70","1.30","200.00","0.08","-0.55","-0.55","0.08","0.17","-0.02","188.01","-0.43","0.01","0.06","-0.00","-0.01","0.06","2.68","-0.0","0.08","-0.6","0.00","0.0","-0.00"
00:05:24,"9,632.10","-3,806.31","12.83",Off,"12.80","4.0","20.000000","-60.000000","83.000000","110.000000","27.000000","-80.000000","0.00","0.00","0.00","0.00","0.000000","0.0","0.000000","0.0","163.00","12.00","6.59","6.59","5.41","5.41","0.00","0.00","15.40","200.00","15.94","186.70","1.30","200.00","0.08","-0.55","-0.55","0.08","0.18","-0.02","187.99","-0.43","0.01","0.06","-0.00","0.04","0.06","2.61","0.0","0.08","0.2","0.00","0.1","0.07"
00:05:25,"9,632.05","-3,806.87","12.90",Off,"12.90","4.1","20.000000","-60.000000","83.000000","110.000000","27.000000","-80.000000","0.00","0.00","0.00","0.00","0.000000","0.0","0.000000","0.0","164.00","12.00","6.61","6.62","5.39","5.38","0.00","0.00","15.40","200.00","15.94","186.60","1.30","200.00","0.08","-0.56","-0.56","0.08","0.18","-0.02","188.13","-0.43","0.00","0.06","-0.00","-0.00","-0.12","2.55","0.1","0.08","0.5","0.00","0.0","-0.01"
00:05:26,"9,632.01","-3,807.43","12.97",Off,"12.90","4.2","20.000000","-60.000000","83.000000","110.000000","27.000000","-80.000000","0.00","0.00","0.00","0.00","0.000000","0.0","0.000000","0.0","164.00","12.00","6.70","6.71","5.30","5.29","0.00","0.00","15.40","200.00","15.94","186.50","1.30","200.00","0.08","-0.56","-0.56","0.08","0.18","-0.02","188.43","-0.43","0.00","0.06","0.00","-0.04","-0.01","2.49","0.1","0.09","0.5","0.00","-0.0","-0.05"
00:05:27,"9,631.97","-3,807.99","13.04",Off,"13.00","4.2","20.000000","-60.000000","83.000000","111.000000","27.000000","-80.000000","0.00","0.00","0.00","0.00","0.000000","0.0","0.000000","0.0","165.00","12.00","6.65","6.66","5.35","5.34","0.00","0.00","15.40","200.00","15.94","186.40","1.30","200.00","0.09","-0.56","-0.56","0.09","0.19","-0.02","188.90","-0.43","-0.00","0.06","0.01","0.01","0.09","2.43","0.1","0.09","-0.3","0.00","-0.2","0.03"
00:05:28,"9,631.92","-3,808.56","13.11",Off,"13.10","4.3","20.000000","-60.000000","83.000000","110.000000","27.000000","-80.000000","0.00","0.00","0.00","0.00","0.000000","0.0","0.000000","0.0","165.00","12.40","6.61","6.61","5.39","6.19","0.00","0.00","15.40","200.00","15.94","186.40","1.30","200.00","0.09","-0.56","-0.56","0.09","0.19","-0.02","188.95","-0.43","-0.00","0.07","0.00","0.03","-0.03","2.38","0.1","0.10","1.0","0.00","0.1","0.02"
00:05:29,"9,631.89","-3,809.12","13.18",Off,"13.10","4.3","20.000000","-60.000000","84.000000","110.000000","27.000000","-80.000000","0.00","0.00","0.00","0.00","0.000000","0.0","0.000000","0.0","166.00","12.81","6.65","6.65","5.35","6.96","0.00","0.00","15.40","200.00","15.94","186.30","1.30","200.00","0.09","-0.56","-0.56","0.09","0.20","-0.02","189.18","-0.43","-0.00","0.07","0.01","-0.01","-0.05","2.34","0.1","0.11","0.8","0.00","0.1","-0.01"
00:05:30,"9,631.85","-3,809.69","13.25",Off,"13.20","4.4","20.000000","-60.000000","84.000000","111.000000","27.000000","-80.000000","0.00","0.00","0.00","0.00","0.000000","0.0","0.000000","0.0","166.00","13.05","6.66","6.66","5.34","7.43","0.00","0.00","15.40","200.00","15.95","186.20","1.30","200.00","0.10","-0.56","-0.56","0.10","0.20","-0.02","189.57","-0.43","-0.00","0.07","0.01","-0.01","0.01","2.29","0.1","0.12","0.4","0.00","0.0","-0.01"
00:05:31,"9,631.82","-3,810.26","13.33",Off,"13.30","4.5","20.000000","-60.000000","84.000000","111.000000","27.000000","-80.000000","0.00","0.00","0.00","0.00","0.000000","0.0","0.000000","0.0","167.00","13.10","6.68","6.68","5.32","7.52","0.00","0.00","15.40","200.00","15.95","186.10","1.30","200.00","0.10","-0.56","-0.56","0.10","0.21","-0.01","190.03","-0.43","-0.00","0.07","0.01","-0.01","-0.02","2.25","0.1","0.12","-0.4","0.00","-0.1","-0.03"
00:05:32,"9,631.79","-3,810.83","13.40",Off,"13.40","4.6","20.000000","-60.000000","84.000000","110.000000","27.000000","-80.000000","0.00","0.00","0.00","0.00","0.000000","0.0","0.000000","0.0","167.00","13.10","6.66","6.66","5.34","7.54","0.00","0.00","15.40","200.00","15.95","186.00","1.30","200.00","0.10","-0.56","-0.56","0.10","0.21","-0.01","190.56","-0.43","-0.00","0.08","0.01","0.01","0.05","2.21","0.1","0.11","-0.5","0.00","-0.1","0.01"
00:05:33,"9,631.76","-3,811.40","13.48",Off,"13.40","4.6","20.000000","-60.000000","84.000000","110.000000","27.000000","-80.000000","0.00","0.00","0.00","0.00","0.000000","0.0","0.000000","0.0","168.00","13.10","6.64","6.64","5.36","7.56","0.00","0.00","15.40","200.00","15.95","185.90","1.30","200.00","0.10","-0.56","-0.56","0.10","0.22","-0.01","190.47","-0.43","-0.00","0.08","0.01","0.01","-0.03","2.18","0.1","0.11","0.8","0.00","0.3","0.00"
00:05:34,"9,631.73","-3,811.97","13.56",Off,"13.50","4.7","20.000000","-60.000000","84.000000","111.000000","27.000000","-80.000000","0.00","0.00","0.00","0.00","0.000000","0.0","0.000000","0.0","169.00","13.10","6.67","6.67","5.33","7.53","0.00","0.00","15.40","200.00","15.95","185.90","1.30","200.00","0.11","-0.56","-0.56","0.11","0.22","-0.01","190.68","-0.43","-0.00","0.08","0.01","-0.01","-0.00","2.15","0.1","0.12","0.3","0.00","0.1","-0.01"
00:05:35,"9,631.70","-3,812.55","13.64",Off,"13.60","4.8","20.000000","-60.000000","84.000000","111.000000","27.000000","-80.000000","0.00","0.00","0.00","0.00","0.000000","0.0","0.000000","0.0","169.00","13.10","6.64","6.65","5.36","7.55","0.00","0.00","15.40","200.00","15.95","185.80","1.30","200.00","0.11","-0.56","-0.56","0.11","0.23","-0.01","191.05","-0.43","-0.00","0.08","0.01","0.01","0.02","2.12","0.1","0.12","-0.2","0.00","-0.0","0.00"
00:05:36,"9,631.68","-3,813.12","13.72",Off,"13.70","4.9","20.000000","-60.000000","84.000000","111.000000","27.000000","-80.000000","0.00","0.00","0.00","0.00","0.000000","0.0","0.000000","0.0","170.00","13.10","6.67","6.67","5.33","7.53","0.00","0.00","15.40","200.00","15.95","185.70","1.30","200.00","0.12","-0.57","-0.57","0.12","0.23","-0.01","191.47","-0.43","-0.00","0.09","0.01","-0.01","-0.03","2.09","0.1","0.11","-0.8","0.00","-0.2","-0.03"
00:05:37,"9,631.66","-3,813.70","13.80",Off,"13.80","5.0","20.000000","-60.000000","84.000000","110.000000","27.000000","-80.000000","0.00","0.00","0.00","0.00","0.000000","0.0","0.000000","0.0","170.00","13.10","6.67","6.66","5.33","7.54","0.00","0.00","15.40","200.00","15.95","185.60","1.30","200.00","0.12","-0.57","-0.57","0.12","0.24","-0.01","191.90","-0.44","-0.00","0.09","0.01","0.00","0.05","2.07","0.1","0.09","-0.3","0.00","-0.0","-0.00"
00:05:38,"9,631.64","-3,814.28","13.88",Off,"13.80","5.0","20.000000","-60.000000","85.000000","111.000000","27.000000","-80.000000","0.00","0.00","0.00","0.00","0.000000","0.0","0.000000","0.0","171.00","13.10","6.64","6.64","5.36","7.56","0.00","0.00","15.40","200.00","15.95","185.50","1.30","200.00","0.12","-0.56","-0.56","0.12","0.24","-0.01","191.57","-0.44","-0.00","0.09","0.01","0.01","0.01","2.05","0.1","0.10","0.7","0.00","0.2","0.02"
00:05:39,"9,631.62","-3,814.85","13.97",Off,"13.90","5.1","20.000000","-60.000000","85.000000","111.000000","27.000000","-80.000000","0.00","0.00","0.00","0.00","0.000000","0.0","0.000000","0.0","171.00","13.10","6.62","6.63","5.38","7.57","0.00","0.00","15.40","200.00","15.95","185.40","1.30","200.00","0.12","-0.57","-0.57","0.12","0.24","-0.01","191.85","-0.44","-0.00","0.09","0.01","0.01","-0.00","2.03","0.1","0.11","0.5","0.00","0.1","0.02"
00:05:40,"9,631.60","-3,815.43","14.05",Off,"14.00","5.2","20.000000","-60.000000","85.000000","111.000000","27.000000","-80.000000","0.00","0.00","0.00","0.00","0.000000","0.0","0.000000","0.0","172.00","13.10","6.66","6.67","5.34","7.53","0.00","0.00","15.40","200.00","15.95","185.30","1.30","200.00","0.12","-0.57","-0.57","0.12","0.25","-0.01","192.22","-0.44","-0.00","0.09","0.01","-0.02","-0.06","2.01","0.2","0.11","-0.1","0.00","-0.1","-0.03"
00:05:41,"9,631.59","-3,816.01","14.14",Off,"14.10","5.3","20.000000","-60.000000","85.000000","111.000000","27.000000","-80.000000","0.00","0.00","0.00","0.00","0.000000","0.0","0.000000","0.0","173.00","13.10","6.66","6.67","5.34","7.53","0.00","0.00","15.40","200.00","15.95","185.20","1.30","200.00","0.13","-0.57","-0.57","0.13","0.26","-0.01","192.61","-0.44","-0.00","0.10","0.01","-0.00","0.06","2.00","0.2","0.10","-0.7","0.00","-0.2","0.02"
00:05:42,"9,631.57","-3,816.60","14.23",Off,"14.20","5.4","20.000000","-60.000000","85.000000","111.000000","27.000000","-80.000000","0.00","0.00","0.00","0.00","0.000000","0.0","0.000000","0.0","173.00","13.10","6.61","6.60","5.39","7.60","0.00","0.00","15.40","200.00","15.95","185.10","1.30","200.00","0.13","-0.57","-0.57","0.13","0.26","-0.01","192.80","-0.44","-0.00","0.10","0.01","0.03","0.02","1.99","0.2","0.09","0.3","0.00","0.0","0.05"
00:05:43,"9,631.56","-3,817.18","14.32",Off,"14.30","5.5","20.000000","-60.000000","85.000000","111.000000","27.000000","-80.000000","0.00","0.00","0.00","0.00","0.000000","0.0","0.000000","0.0","174.00","13.10","6.60","6.60","5.40","7.60","0.00","0.00","15.40","200.00","15.95","185.10","1.30","200.00","0.13","-0.57","-0.57","0.13","0.26","-0.01","192.73","-0.44","-0.00","0.10","0.01","0.01","-0.01","1.98","0.2","0.10","1.0","0.00","0.3","0.05"
00:05:44,"9,631.54","-3,817.76","14.42",Off,"14.40","5.6","20.000000","-60.000000","85.000000","111.000000","27.000000","-80.000000","0.00","0.00","0.00","0.00","0.000000","0.0","0.000000","0.0","174.00","13.10","6.61","6.61","5.39","7.59","0.00","0.00","15.40","200.00","15.95","185.00","1.30","200.00","0.13","-0.57","-0.57","0.13","0.27","-0.01","192.97","-0.44","-0.00","0.10","0.01","-0.00","-0.03","1.97","0.2","0.11","0.4","0.00","0.1","0.04"
00:05:45,"9,631.53","-3,818.34","14.51",Off,"14.50","5.7","20.000000","-60.000000","85.000000","111.000000","27.000000","-80.000000","0.00","0.00","0.00","0.00","0.000000","0.0","0.000000","0.0","175.00","13.10","6.62","6.63","5.38","7.57","0.00","0.00","15.40","200.00","15.95","184.80","1.30","200.00","0.14","-0.57","-0.57","0.14","0.27","-0.01","193.35","-0.44","-0.00","0.10","0.01","-0.01","-0.01","1.96","0.2","0.11","-0.0","0.00","-0.0","0.02"
00:05:46,"9,631.52","-3,818.93","14.61",Off,"14.60","5.8","20.000000","-60.000000","85.000000","111.000000","27.000000","-80.000000","0.00","0.00","0.00","0.00","0.000000","0.0","0.000000","0.0","175.00","13.10","6.63","6.64","5.37","7.56","0.00","0.00","15.40","200.00","15.96","184.70","1.30","200.00","0.14","-0.57","-0.57","0.14","0.28","-0.01","193.70","-0.44","-0.00","0.10","0.01","-0.01","-0.00","1.96","0.2","0.11","-0.4","0.00","-0.1","0.01"
00:05:47,"9,631.51","-3,819.51","14.70",Off,"14.70","5.9","20.000000","-60.000000","85.000000","111.000000","27.000000","-80.000000","0.00","0.00","0.00","0.00","0.000000","0.0","0.000000","0.0","176.00","13.10","6.64","6.63","5.36","7.57","0.00","0.00","15.40","200.00","15.96","184.60","1.30","200.00","0.14","-0.57","-0.57","0.14","0.28","-0.01","193.74","-0.44","-0.00","0.11","0.01","-0.00","-0.00","1.96","0.2","0.09","0.3","0.00","0.1","0.02"
00:05:48,"9,631.50","-3,820.10","14.80",Off,"14.80","6.0","20.000000","-60.000000","85.000000","111.000000","27.000000","-80.000000","0.00","0.00","0.00","0.00","0.000000","0.0","0.000000","0.0","177.00","13.10","6.61","6.61","5.39","7.59","0.00","0.00","15.40","200.00","15.95","184.60","1.30","200.00","0.14","-0.57","-0.57","0.14","0.29","-0.01","193.80","-0.44","-0.00","0.11","0.01","0.01","0.02","1.96","0.2","0.10","0.4","0.00","0.1","0.04"
00:05:49,"9,631.49","-3,820.69","14.90",Off,"14.90","6.1","20.000000","-60.000000","85.000000","111.000000","27.000000","-80.000000","0.00","0.00","0.00","0.00","-30.000000","-3.0","0.000000","0.0","177.00","13.10","6.60","6.61","5.40","7.59","0.00","0.00","15.40","200.00","15.96","184.40","1.30","200.00","0.14","-0.57","-0.57","0.14","0.29","-0.01","194.04","-0.44","-0.00","0.11","0.01","0.01","-0.01","1.96","0.2","0.10","0.1","0.00","0.0","0.03"
00:05:50,"9,631.49","-3,821.27","15.01",Off,"15.00","6.2","20.000000","-60.000000","85.000000","111.000000","27.000000","-80.000000","0.00","0.00","0.00","0.00","-31.000000","-13.0","0.000000","0.0","178.00","13.10","6.64","6.65","5.36","7.55","0.00","0.00","15.40","200.00","15.96","184.30","1.30","200.00","0.15","-0.57","-0.57","0.15","0.30","-0.01","194.24","-0.44","-0.00","0.11","0.01","-0.02","-0.06","1.96","0.1","0.10","-0.3","0.00","-0.0","-0.01"
00:05:51,"9,631.48","-3,821.86","15.10",Off,"15.10","5.6","20.000000","-60.000000","85.000000","111.000000","27.000000","-80.000000","0.00","0.00","0.00","0.00","-30.000000","-23.0","0.000000","0.0","178.00","13.10","6.69","6.69","5.31","7.51","0.00","0.00","15.40","200.00","15.96","184.30","1.30","200.00","0.14","-0.57","-0.57","0.14","0.28","0.00","194.01","-0.44","-0.00","0.11","0.00","-0.03","0.02","1.96","-0.2","0.11","0.5","0.00","-0.2","-0.02"
00:05:52,"9,631.46","-3,822.45","15.19",Off,"15.10","4.8","20.000000","-60.000000","85.000000","111.000000","27.000000","-80.000000","0.00","0.00","0.00","0.00","-30.000000","-30.0","0.000000","0.0","179.00","13.10","6.62","6.62","5.38","7.58","0.00","0.00","15.40","200.00","15.96","184.20","1.30","200.00","0.13","-0.57","-0.57","0.13","0.25","0.01","193.33","-0.44","-0.00","0.11","-0.01","0.03","0.10","1.95","-0.6","0.14","2.3","0.00","0.1","0.07"
00:05:53,"9,631.43","-3,823.03","15.26",Off,"15.20","4.0","20.000000","-60.000000","85.000000","111.000000","27.000000","-80.000000","0.00","0.00","0.00","0.00","-31.000000","-31.0","0.000000","0.0","180.00","13.10","6.58","6.58","5.42","7.62","0.00","0.00","15.40","200.00","15.96","184.10","1.30","200.00","0.13","-0.57","-0.57","0.13","0.23","0.03","192.80","-0.44","-0.00","0.10","-0.01","0.02","-0.07","1.93","-0.9","0.18","2.6","0.00","0.1","0.03"
00:05:54,"9,631.40","-3,823.62","15.32",Off,"15.30","3.3","20.000000","-60.000000","85.000000","111.000000","27.000000","-80.000000","0.00","0.00","0.00","0.00","-31.000000","-31.0","0.000000","0.0","180.00","13.10","6.70","6.70","5.30","7.50","0.00","0.00","15.40","200.00","15.96","184.10","1.30","200.00","0.13","-0.57","-0.57","0.13","0.20","0.04","192.51","-0.44","-0.00","0.10","-0.01","-0.05","-0.09","1.90","-1.1","0.22","2.2","0.00","-0.0","-0.07"
00:05:55,"9,631.37","-3,824.20","15.37",Off,"15.30","2.5","20.000000","-60.000000","85.000000","111.000000","27.000000","-80.000000","0.00","0.00","0.00","0.00","-31.000000","-30.0","0.000000","0.0","181.00","13.10","6.68","6.69","5.32","7.51","0.00","0.00","15.40","200.00","15.96","184.00","1.30","200.00","0.12","-0.57","-0.57","0.12","0.19","0.06","192.33","-0.44","-0.00","0.10","-0.01","-0.00","0.12","1.86","-1.2","0.26","1.5","0.00","-0.0","0.01"
00:05:56,"9,631.34","-3,824.79","15.40",Off,"15.40","1.8","20.000000","-60.000000","85.000000","111.000000","27.000000","-80.000000","0.00","0.00","0.00","0.00","-31.000000","-31.0","0.000000","0.0","181.00","13.10","6.59","6.60","5.41","7.60","0.00","0.00","15.40","200.00","15.96","184.00","1.30","200.00","0.12","-0.57","-0.57","0.12","0.17","0.08","192.26","-0.44","-0.00","0.10","-0.01","0.04","-0.00","1.81","-1.2","0.27","0.2","0.00","-0.3","0.04"
00:05:57,"9,631.31","-3,825.37","15.43",Off,"15.40","1.1","20.000000","-60.000000","85.000000","111.000000","27.000000","-80.000000","0.00","0.00","0.00","0.00","-31.000000","-31.0","0.000000","0.0","182.00","13.10","6.67","6.67","5.33","7.53","0.00","0.00","15.40","200.00","15.96","184.00","1.30","200.00","0.12","-0.57","-0.57","0.12","0.14","0.09","191.89","-0.44","-0.00","0.10","-0.01","-0.02","-0.08","1.75","-1.2","0.29","0.6","0.00","0.1","-0.04"
00:05:58,"9,631.27","-3,825.95","15.44",Off,"15.40","0.3","20.000000","-60.000000","86.000000","111.000000","27.000000","-80.000000","0.00","0.00","0.00","0.00","-31.000000","-31.0","0.000000","0.0","182.00","13.10","6.66","6.67","5.34","7.53","0.00","0.00","15.40","200.00","15.96","184.00","1.30","200.00","0.12","-0.57","-0.57","0.12","0.13","0.11","191.64","-0.44","-0.00","0.09","-0.01","0.00","0.10","1.68","-1.3","0.29","-0.0","0.00","0.1","0.01"
00:05:59,"9,631.23","-3,826.53","15.44",Off,"15.40","-0.4","20.000000","-60.000000","86.000000","111.000000","27.000000","-80.000000","0.00","0.00","0.00","0.00","-31.000000","-31.0","0.000000","0.0","183.00","13.10","6.62","6.63","5.38","7.57","0.00","0.00","15.40","200.00","15.96","184.00","1.30","200.00","0.12","-0.57","-0.57","0.12","0.11","0.13","191.47","-0.44","-0.00","0.09","-0.01","0.02","-0.03","1.60","-1.3","0.28","-0.7","0.00","-0.0","0.00"
00:06:00,"9,631.18","-3,827.12","15.43",Off,"15.40","-1.1","20.000000","-60.000000","86.000000","111.000000","27.000000","-80.000000","0.00","0.00","0.00","0.00","-30.000000","-31.0","0.000000","0.0","184.00","13.10","6.67","6.68","5.33","7.52","0.00","0.00","15.40","200.00","15.96","184.00","1.30","200.00","0.11","-0.57","-0.57","0.11","0.08","0.14","191.12","-0.44","-0.00","0.09","-0.01","-0.02","-0.01","1.51","-1.3","0.27","-0.7","0.00","-0.0","-0.01"
00:06:01,"9,631.14","-3,827.70","15.40",Off,"15.40","-1.7","20.000000","-60.000000","86.000000","111.000000","27.000000","-80.000000","0.00","0.00","0.00","0.00","-30.000000","-30.0","0.000000","0.0","184.00","13.10","6.64","6.65","5.36","7.55","0.00","0.00","15.40","200.00","15.97","184.00","1.30","200.00","0.11","-0.58","-0.58","0.11","0.07","0.15","190.90","-0.44","-0.00","0.09","-0.01","0.01","0.00","1.42","-1.2","0.25","-1.7","0.00","-0.3","-0.00"
00:06:02,"9,631.09","-3,828.28","15.37",Off,"15.30","-2.4","20.000000","-60.000000","86.000000","111.000000","27.000000","-80.000000","0.00","0.00","0.00","0.00","-30.000000","-30.0","0.000000","0.0","185.00","13.10","6.66","6.66","5.34","7.54","0.00","0.00","15.40","200.00","15.96","184.10","1.30","200.00","0.10","-0.57","-0.57","0.10","0.04","0.16","190.28","-0.44","-0.00","0.08","-0.01","-0.01","-0.00","1.32","-1.2","0.25","-0.4","0.00","0.1","-0.01"
00:06:03,"9,631.03","-3,828.86","15.32",Off,"15.30","-3.1","20.000000","-60.000000","86.000000","111.000000","27.000000","-80.000000","0.00","0.00","0.00","0.00","-30.000000","-30.0","0.000000","0.0","185.00","13.10","6.62","6.62","5.38","7.58","0.00","0.00","15.40","200.00","15.97","184.10","1.30","200.00","0.10","-0.58","-0.58","0.10","0.02","0.18","189.84","-0.44","-0.00","0.08","-0.02","0.02","0.08","1.22","-1.2","0.24","-0.4","0.00","0.1","0.06"
00:06:04,"9,630.97","-3,829.44","15.27",Off,"15.20","-3.7","20.000000","-60.000000","86.000000","111.000000","27.000000","-80.000000","0.00","0.00","0.00","0.00","-31.000000","-31.0","0.000000","0.0","186.00","13.10","6.60","6.60","5.40","7.60","0.00","0.00","15.40","200.00","15.97","184.20","1.30","200.00","0.09","-0.58","-0.58","0.09","0.00","0.19","189.40","-0.44","-0.00","0.08","-0.02","0.01","-0.07","1.11","-1.2","0.23","-0.3","0.00","0.0","0.01"
00:06:05,"9,630.91","-3,830.02","15.20",Off,"15.10","-4.4","20.000000","-60.000000","86.000000","111.000000","27.000000","-80.000000","0.00","0.00","0.00","0.00","-30.000000","-30.0","0.000000","0.0","187.00","13.10","6.71","6.72","5.29","7.48","0.00","0.00","15.40","200.00","15.97","184.30","1.30","200.00","0.09","-0.58","-0.58","0.09","-0.02","0.20","188.90","-0.44","-0.00","0.07","-0.02","-0.05","-0.09","0.99","-1.2","0.23","-0.4","0.00","-0.1","-0.08"
00:06:06,"9,630.84","-3,830.60","15.12",Off,"15.10","-5.0","20.000000","-60.000000","86.000000","111.000000","27.000000","-80.000000","0.00","0.00","0.00","0.00","-31.000000","-30.0","0.000000","0.0","187.00","13.10","6.66","6.67","5.34","7.53","0.00","0.00","15.40","200.00","15.97","184.40","1.30","200.00","0.08","-0.58","-0.58","0.08","-0.04","0.21","188.51","-0.44","-0.00","0.07","-0.02","0.01","0.19","0.87","-1.1","0.22","0.1","0.00","-0.0","0.05"
00:06:07,"9,630.77","-3,831.18","15.03",Off,"15.00","-5.6","20.000000","-60.000000","86.000000","111.000000","27.000000","-80.000000","0.00","0.00","0.00","0.00","-31.000000","-31.0","0.000000","0.0","188.00","13.10","6.56","6.57","5.44","7.63","0.00","0.00","15.40","200.00","15.97","184.50","1.30","200.00","0.08","-0.58","-0.58","0.08","-0.06","0.22","187.92","-0.44","-0.00","0.07","-0.02","0.05","-0.05","0.75","-1.1","0.23","0.6","0.00","0.1","0.05"
00:06:08,"9,630.69","-3,831.76","14.93",Off,"14.90","-6.3","20.000000","-60.000000","86.000000","111.000000","27.000000","-80.000000","0.00","0.00","0.00","0.00","-31.000000","-31.0","0.000000","0.0","188.00","13.10","6.70","6.70","5.30","7.50","0.00","0.00","15.40","200.00","15.97","184.60","1.30","200.00","0.07","-0.58","-0.58","0.07","-0.08","0.23","187.52","-0.45","-0.00","0.06","-0.02","-0.05","-0.10","0.62","-1.1","0.23","0.3","0.00","0.0","-0.08"
00:06:09,"9,630.61","-3,832.34","14.82",Off,"14.80","-6.9","20.000000","-60.000000","86.000000","111.000000","27.000000","-80.000000","0.00","0.00","0.00","0.00","-30.000000","-30.0","0.000000","0.0","189.00","13.10","6.68","6.68","5.32","7.52","0.00","0.00","15.40","200.00","15.97","184.70","1.30","200.00","0.07","-0.58","-0.58","0.07","-0.10","0.25","187.12","-0.45","-0.00","0.06","-0.02","-0.00","0.11","0.49","-1.1","0.24","0.2","0.00","-0.0","0.01"
00:06:10,"9,630.53","-3,832.92","14.70",Off,"14.60","-7.5","20.000000","-60.000000","86.000000","111.000000","27.000000","-80.000000","0.00","0.00","0.00","0.00","-30.000000","-30.0","0.000000","0.0","189.00","13.10","6.63","6.63","5.37","7.57","0.00","0.00","15.40","200.00","15.97","184.80","1.30","200.00","0.07","-0.58","-0.58","0.07","-0.11","0.26","186.72","-0.45","-0.00","0.05","-0.02","0.02","-0.03","0.35","-1.1","0.24","-0.6","0.00","-0.2","-0.00"
00:06:11,"9,630.45","-3,833.50","14.57",Off,"14.50","-8.2","20.000000","-60.000000","86.000000","111.000000","27.000000","-80.000000","13.00","13.00","0.00","0.00","-31.000000","-31.0","0.000000","0.0","190.00","13.10","6.66","6.66","5.34","7.54","0.00","0.00","15.40","200.00","15.97","184.90","1.30","200.00","0.06","-0.58","-0.58","0.06","-0.14","0.27","186.41","-0.45","-0.00","0.05","-0.02","-0.01","0.03","0.21","-1.1","0.23","0.3","0.00","0.1","0.00"
00:06:12,"9,630.36","-3,834.08","14.43",Off,"14.40","-8.8","20.000000","-60.000000","86.000000","111.000000","27.000000","-80.000000","13.00","13.00","2.00","2.00","-29.000000","-30.0","0.000000","0.0","191.00","13.10","6.63","6.63","5.37","7.57","0.00","0.00","15.40","200.00","15.97","185.10","1.30","200.00","0.06","-0.58","-0.58","0.06","-0.15","0.28","185.76","-0.45","-0.00","0.05","-0.02","0.01","-0.00","0.07","-1.1","0.24","0.5","0.00","0.1","0.01"
00:06:13,"9,630.27","-3,834.65","14.28",Off,"14.20","-9.3","20.000000","-60.000000","86.000000","111.000000","27.000000","-80.000000","13.00","13.00","4.00","4.00","-30.000000","-30.0","0.000000","0.0","191.00","13.10","6.68","6.69","5.32","7.51","0.00","0.00","15.40","200.00","15.97","185.30","1.30","200.00","0.05","-0.58","-0.58","0.05","-0.17","0.29","185.41","-0.45","-0.00","0.04","-0.02","-0.02","-0.06","359.93","-1.0","0.25","0.2","0.00","0.0","-0.04"
00:06:14,"9,630.18","-3,835.23","14.12",Off,"14.10","-9.7","20.000000","-60.000000","86.000000","111.000000","27.000000","-80.000000","13.00","13.00","7.00","7.00","-31.000000","-30.0","0.000000","0.0","192.00","13.10","6.66","6.67","5.34","7.53","0.00","0.00","15.40","200.00","15.97","185.40","1.30","200.00","0.05","-0.58","-0.58","0.05","-0.19","0.30","184.95","-0.45","-0.00","0.04","-0.02","0.01","0.09","359.78","-1.0","0.25","0.4","0.00","-0.0","0.02"
00:06:15,"9,630.08","-3,835.81","13.95",Off,"13.90","-10.2","20.000000","-60.000000","86.000000","111.000000","27.000000","-80.000000","13.00","13.00","9.00","9.00","-31.000000","-31.0","0.000000","0.0","192.00","13.10","6.62","6.63","5.38","7.57","0.00","0.00","15.40","200.00","15.98","185.60","1.30","200.00","0.05","-0.58","-0.58","0.05","-0.20","0.30","184.67","-0.45","-0.00","0.04","-0.01","0.01","-0.06","359.63","-0.9","0.25","-0.3","0.00","-0.2","-0.01"
00:06:16,"9,629.98","-3,836.38","13.78",Off,"13.70","-10.6","20.000000","-60.000000","86.000000","111.000000","27.000000","-80.000000","13.00","13.00","11.00","11.00","-31.000000","-31.0","0.000000","0.0","193.00","13.10","6.70","6.69","5.30","7.51","0.00","0.00","15.40","200.00","15.98","185.80","1.30","200.00","0.04","-0.58","-0.58","0.04","-0.22","0.31","183.94","-0.45","-0.00","0.03","-0.02","-0.03","-0.02","359.49","-0.8","0.26","0.8","0.00","0.1","-0.03"
00:06:17,"9,629.88","-3,836.96","13.60",Off,"13.50","-11.0","20.000000","-60.000000","86.000000","111.000000","27.000000","-80.000000","13.00","13.00","13.00","13.00","-31.000000","-31.0","0.000000","0.0","193.00","13.10","6.61","6.61","5.39","7.59","0.00","0.00","15.40","200.00","15.98","186.00","1.30","200.00","0.03","-0.58","-0.58","0.03","-0.23","0.31","183.30","-0.45","-0.00","0.03","-0.02","0.03","0.09","359.34","-0.8","0.27","0.8","0.00","0.1","0.06"
00:06:18,"9,629.77","-3,837.53","13.42",Off,"13.30","-11.3","20.000000","-60.000000","86.000000","111.000000","27.000000","-80.000000","13.00","13.00","13.00","13.00","-31.000000","-31.0","0.000000","0.0","194.00","13.10","6.62","6.62","5.38","7.58","0.00","0.00","15.40","200.00","15.98","186.20","1.30","200.00","0.03","-0.58","-0.58","0.03","-0.25","0.31","182.79","-0.45","-0.00","0.02","-0.02","0.00","-0.10","359.20","-0.7","0.28","0.8","0.00","0.1","-0.01"
00:06:19,"9,629.66","-3,838.11","13.22",Off,"13.20","-11.7","20.000000","-60.000000","86.000000","111.000000","27.000000","-80.000000","13.00","13.00","13.00","13.00","-31.000000","-30.0","0.000000","0.0","195.00","13.10","6.68","6.69","5.32","7.51","0.00","0.00","15.40","200.00","15.98","186.40","1.30","200.00","0.02","-0.59","-0.59","0.02","-0.26","0.32","182.25","-0.45","-0.00","0.02","-0.02","-0.03","0.03","359.05","-0.7","0.29","0.6","0.00","-0.0","-0.01"
00:06:20,"9,629.54","-3,838.68","13.03",Off,"13.00","-12.0","20.000000","-60.000000","86.000000","111.000000","27.000000","-80.000000","13.00","13.00","13.00","13.00","-31.000000","-31.0","0.000000","0.0","195.00","13.10","6.61","6.61","5.39","7.59","0.00","0.00","15.40","200.00","15.98","186.60","1.30","200.00","0.02","-0.59","-0.59","0.02","-0.27","0.32","182.01","-0.45","-0.00","0.02","-0.01","0.03","0.05","358.91","-0.7","0.30","0.1","0.00","-0.1","0.05"
00:06:21,"9,629.43","-3,839.26","12.82",Off,"12.80","-12.4","20.000000","-60.000000","86.000000","111.000000","27.000000","-80.000000","13.00","13.00","13.00","13.00","-31.000000","-31.0","0.000000","0.0","196.00","13.10","6.62","6.62","5.38","7.58","0.00","0.00","15.40","200.00","15.98","186.80","1.30","200.00","0.01","-0.59","-0.59","0.01","-0.29","0.33","181.32","-0.45","-0.00","0.01","-0.02","0.00","-0.06","358.77","-0.6","0.30","0.4","0.00","0.0","0.01"
00:06:22,"9,629.31","-3,839.83","12.61",Off,"12.50","-12.7","20.000000","-60.000000","86.000000","111.000000","27.000000","-80.000000","13.00","13.00","13.00","13.00","-30.000000","-31.0","0.000000","0.0","196.00","13.10","6.65","6.65","5.35","7.55","0.00","0.00","15.40","200.00","15.98","187.00","1.30","200.00","0.01","-0.59","-0.59","0.01","-0.30","0.33","180.85","-0.45","-0.00","0.01","-0.02","-0.01","0.00","358.63","-0.6","0.31","0.3","0.00","0.1","0.01"
00:06:23,"9,629.18","-3,840.41","12.40",Off,"12.30","-13.1","20.000000","-60.000000","86.000000","111.000000","27.000000","-80.000000","13.00","13.00","13.00","13.00","-26.000000","-30.0","0.000000","0.0","197.00","13.10","6.62","6.63","5.38","7.57","0.00","0.00","15.40","200.00","15.98","187.20","1.30","200.00","0.00","-0.59","-0.59","0.00","-0.31","0.33","180.41","-0.45","-0.00","0.01","-0.01","0.01","0.01","358.49","-0.6","0.31","0.3","0.00","0.1","0.02"
00:06:24,"9,629.06","-3,840.98","12.18",Off,"12.10","-13.3","20.000000","-60.000000","86.000000","111.000000","27.000000","-80.000000","13.00","13.00","13.00","13.00","0.000000","-20.0","0.000000","0.0","198.00","13.10","6.65","6.66","5.35","7.54","0.00","0.00","15.40","200.00","15.98","187.50","1.30","200.00","-0.00","-0.59","-0.59","-0.00","-0.32","0.34","179.94","-0.45","-0.00","0.00","-0.01","-0.01","-0.06","358.36","-0.6","0.31","-0.3","0.00","-0.0","-0.02"
00:06:25,"9,628.94","-3,841.56","11.96",Off,"11.90","-13.1","20.000000","-60.000000","86.000000","111.000000","27.000000","-80.000000","29.00","28.00","13.00","13.00","0.000000","-10.0","0.000000","0.0","198.00","13.10","6.65","6.66","5.35","7.54","0.00","0.00","15.40","200.00","15.98","187.70","1.30","200.00","0.00","-0.59","-0.59","0.00","-0.32","0.33","180.14","-0.45","-0.00","-0.00","-0.01","-0.00","0.04","358.23","-0.3","0.30","-1.2","0.00","-0.0","0.00"
00:06:26,"9,628.82","-3,842.13","11.75",Off,"11.70","-12.7","20.000000","-60.000000","86.000000","111.000000","27.000000","-80.000000","30.00","30.00","16.00","16.00","0.000000","0.0","0.000000","0.0","199.00","13.10","6.63","6.64","5.37","7.56","0.00","0.00","15.40","200.00","15.98","187.90","1.30","200.00","0.00","-0.59","-0.59","0.00","-0.31","0.32","180.11","-0.45","-0.00","-0.00","-0.00","0.01","-0.01","358.10","0.1","0.27","-1.5","0.00","0.1","0.01"
00:06:27,"9,628.70","-3,842.71","11.54",Off,"11.50","-12.0","20.000000","-60.000000","86.000000","111.000000","27.000000","-80.000000","30.00","30.00","18.00","18.00","0.000000","0.0","0.000000","0.0","199.00","13.10","6.65","6.65","5.35","7.55","0.00","0.00","15.40","200.00","15.98","188.10","1.30","200.00","0.00","-0.59","-0.59","0.00","-0.29","0.31","180.37","-0.45","-0.00","0.00","0.00","-0.00","0.02","357.99","0.5","0.24","-2.1","0.00","0.0","0.01"
00:06:28,"9,628.59","-3,843.29","11.35",Off,"11.30","-11.3","20.000000","-60.000000","86.000000","111.000000","27.000000","-80.000000","30.00","30.00","20.00","20.00","0.000000","0.0","0.000000","0.0","200.00","13.10","6.61","6.62","5.39","7.58","0.00","0.00","15.40","200.00","15.98","188.30","1.30","200.00","0.00","-0.59","-0.59","0.00","-0.27","0.29","180.30","-0.45","-0.00","0.00","0.00","0.01","-0.01","357.90","0.7","0.21","-1.6","0.00","0.1","0.02"
00:06:29,"9,628.48","-3,843.86","11.16",Off,"11.10","-10.7","20.000000","-60.000000","86.000000","111.000000","27.000000","-80.000000","30.00","30.00","22.00","22.00","0.000000","0.0","0.000000","0.0","200.00","13.10","6.68","6.68","5.32","7.52","0.00","0.00","15.40","200.00","15.98","188.40","1.30","200.00","0.00","-0.59","-0.59","0.00","-0.25","0.27","180.16","-0.45","-0.00","0.00","0.00","-0.03","-0.07","357.82","0.9","0.18","-1.9","0.00","-0.2","-0.05"
00:06:30,"9,628.37","-3,844.44","10.99",Off,"10.90","-10.0","20.000000","-60.000000","86.000000","111.000000","27.000000","-80.000000","30.00","30.00","24.00","24.00","0.000000","0.0","0.000000","0.0","201.00","13.10","6.66","6.66","5.34","7.54","0.00","0.00","15.40","200.00","15.98","188.60","1.30","200.00","-0.00","-0.59","-0.59","-0.00","-0.24","0.25","180.23","-0.45","-0.00","0.00","0.00","0.01","0.12","357.76","1.0","0.16","-0.7","0.00","-0.0","0.04"
00:06:31,"9,628.25","-3,845.02","10.83",Off,"10.80","-9.3","20.000000","-60.000000","86.000000","111.000000","27.000000","-80.000000","30.00","30.00","26.00","26.00","0.000000","0.0","0.000000","0.0","202.00","13.10","6.58","6.58","5.42","7.62","0.00","0.00","15.40","200.00","15.98","188.80","1.30","200.00","-0.00","-0.59","-0.59","-0.00","-0.23","0.23","179.72","-0.45","-0.00","-0.00","-0.00","0.04","0.00","357.71","1.1","0.16","0.2","0.00","0.1","0.06"
00:06:32,"9,628.14","-3,845.60","10.68",Off,"10.60","-8.6","20.000000","-60.000000","86.000000","111.000000","27.000000","-80.000000","30.00","30.00","28.00","28.00","0.000000","0.0","0.000000","0.0","202.00","13.10","6.65","6.65","5.35","7.55","0.00","0.00","15.40","200.00","15.98","188.90","1.30","200.00","-0.01","-0.59","-0.59","-0.01","-0.21","0.21","179.59","-0.45","-0.00","-0.00","0.00","-0.02","-0.11","357.67","1.1","0.17","1.1","0.00","0.1","-0.02"
00:06:33,"9,628.02","-3,846.18","10.54",Off,"10.50","-7.9","20.000000","-60.000000","86.000000","111.000000","27.000000","-80.000000","30.00","30.00","30.00","30.00","0.000000","0.0","0.000000","0.0","203.00","13.10","6.66","6.67","5.34","7.53","0.00","0.00","15.40","200.00","15.98","189.10","1.30","200.00","-0.01","-0.59","-0.59","-0.01","-0.20","0.19","179.29","-0.45","-0.00","-0.00","-0.00","-0.01","0.06","357.65","1.2","0.19","1.7","0.00","0.1","0.01"
00:06:34,"9,627.91","-3,846.76","10.42",Off,"10.40","-7.2","20.000000","-60.000000","86.000000","111.000000","27.000000","-80.000000","30.00","30.00","30.00","30.00","0.000000","0.0","0.000000","0.0","203.00","13.10","6.62","6.63","5.38","7.57","0.00","0.00","15.40","200.00","15.98","189.20","1.30","200.00","-0.00","-0.59","-0.59","-0.00","-0.18","0.18","179.43","-0.45","-0.00","-0.01","0.00","0.01","0.01","357.64","1.2","0.21","0.5","0.00","-0.2","0.03"
00:06:35,"9,627.80","-3,847.34","10.30",Off,"10.20","-6.5","20.000000","-60.000000","86.000000","111.000000","27.000000","-80.000000","30.00","30.00","30.00","30.00","0.000000","0.0","0.000000","0.0","204.00","13.10","6.63","6.63","5.37","7.57","0.00","0.00","15.40","200.00","15.98","189.30","1.30","200.00","-0.01","-0.59","-0.59","-0.01","-0.16","0.16","179.53","-0.46","-0.00","-0.00","0.00","0.00","-0.02","357.64","1.2","0.22","1.0","0.00","-0.1","0.01"
00:06:36,"9,627.69","-3,847.92","10.20",Off,"10.10","-5.8","20.000000","-60.000000","86.000000","111.000000","27.000000","-80.000000","30.00","30.00","30.00","30.00","0.000000","0.0","0.000000","0.0","205.00","13.10","6.65","6.65","5.35","7.55","0.00","0.00","15.40","200.00","15.98","189.40","1.30","200.00","-0.00","-0.59","-0.59","-0.00","-0.15","0.14","179.53","-0.46","-0.00","-0.00","0.00","-0.01","-0.01","357.65","1.2","0.24","0.8","0.00","0.0","-0.00"
00:06:37,"9,627.58","-3,848.50","10.11",Off,"10.00","-5.2","20.000000","-60.000000","86.000000","111.000000","27.000000","-80.000000","30.00","30.00","30.00","30.00","0.000000","0.0","0.000000","0.0","205.00","13.10","6.64","6.64","5.36","7.56","0.00","0.00","15.40","200.00","15.98","189.50","1.30","200.00","-0.00","-0.59","-0.59","-0.00","-0.13","0.13","179.61","-0.46","-0.00","-0.00","0.00","0.01","0.04","357.67","1.2","0.25","1.0","0.00","0.1","0.02"
00:06:38,"9,627.47","-3,849.08","10.03",Off,"10.00","-4.5","20.000000","-60.000000","86.000000","111.000000","27.000000","-80.000000","30.00","30.00","30.00","30.00","0.000000","0.0","0.000000","0.0","206.00","13.10","6.63","6.63","5.37","7.57","0.00","0.00","15.40","200.00","15.98","189.60","1.30","200.00","-0.00","-0.59","-0.59","-0.00","-0.11","0.11","179.62","-0.46","-0.00","-0.00","0.00","0.01","0.01","357.70","1.2","0.27","0.6","0.00","0.1","0.02"
00:06:39,"9,627.37","-3,849.66","9.96",Off,"9.90","-3.8","20.000000","-60.000000","86.000000","111.000000","27.000000","-80.000000","30.00","30.00","30.00","30.00","0.000000","0.0","0.000000","0.0","206.00","13.10","6.65","6.65","5.35","7.55","0.00","0.00","15.40","200.00","15.98","189.60","1.30","200.00","0.00","-0.59","-0.59","0.00","-0.09","0.10","179.99","-0.46","-0.00","-0.00","0.01","-0.01","-0.05","357.74","1.2","0.27","-0.8","0.00","-0.2","-0.01"
00:06:40,"9,627.27","-3,850.25","9.90",Off,"9.80","-3.1","20.000000","-60.000000","86.000000","111.000000","27.000000","-80.000000","30.00","30.00","30.00","30.00","0.000000","0.0","0.000000","0.0","207.00","13.10","6.65","6.66","5.35","7.54","0.00","0.00","15.40","200.00","15.98","189.70","1.30","200.00","0.00","-0.59","-0.59","0.00","-0.07","0.08","180.13","-0.46","-0.00","-0.00","0.01","-0.00","0.03","357.79","1.2","0.26","-0.5","0.00","-0.1","0.01"
00:06:41,"9,627.17","-3,850.83","9.85",Off,"9.80","-2.5","20.000000","-60.000000","86.000000","111.000000","27.000000","-80.000000","30.00","30.00","30.00","30.00","0.000000","0.0","0.000000","0.0","207.00","13.10","6.63","6.63","5.37","7.57","0.00","0.00","15.40","200.00","15.98","189.70","1.30","200.00","0.00","-0.59","-0.59","0.00","-0.06","0.07","180.25","-0.46","-0.00","0.00","0.01","0.01","0.02","357.85","1.2","0.25","-0.6","0.00","-0.0","0.03"
00:06:42,"9,627.07","-3,851.42","9.82",Off,"9.80","-1.8","20.000000","-60.000000","86.000000","111.000000","27.000000","-80.000000","30.00","30.00","30.00","30.00","0.000000","0.0","0.000000","0.0","208.00","13.10","6.62","6.63","5.38","7.57","0.00","0.00","15.40","200.00","15.98","189.80","1.30","200.00","0.00","-0.59","-0.59","0.00","-0.04","0.05","180.22","-0.46","-0.00","0.00","0.01","0.01","-0.01","357.92","1.2","0.24","-0.1","0.00","0.1","0.01"
00:06:43,"9,626.97","-3,852.00","9.79",Off,"9.70","-1.2","20.000000","-60.000000","86.000000","111.000000","27.000000","-80.000000","30.00","30.00","30.00","30.00","0.000000","0.0","0.000000","0.0","209.00","13.10","6.66","6.67","5.34","7.53","0.00","0.00","15.40","200.00","15.98","189.80","1.30","200.00","0.00","-0.59","-0.59","0.00","-0.03","0.03","180.27","-0.46","-0.00","0.00","0.01","-0.02","-0.04","357.99","1.2","0.24","-0.3","0.00","0.0","-0.03"
00:06:44,"9,626.88","-3,852.59","9.78",Off,"9.70","-0.6","20.000000","-60.000000","86.000000","111.000000","27.000000","-80.000000","30.00","30.00","30.00","30.00","0.000000","0.0","0.000000","0.0","209.00","13.10","6.68","6.68","5.32","7.52","0.00","0.00","15.40","200.00","15.98","189.80","1.30","200.00","0.01","-0.59","-0.59","0.01","-0.01","0.02","180.68","-0.46","-0.00","0.00","0.01","-0.01","0.03","358.07","1.1","0.23","-0.8","0.00","-0.1","-0.01"
00:06:45,"9,626.78","-3,853.17","9.77",Off,"9.70","0.0","20.000000","-60.000000","86.000000","111.000000","27.000000","-80.000000","30.00","30.00","30.00","30.00","0.000000","0.0","0.000000","0.0","210.00","13.10","6.62","6.62","5.38","7.58","0.00","0.00","15.40","200.00","15.98","189.80","1.30","200.00","0.01","-0.59","-0.59","0.01","0.01","0.00","180.56","-0.46","-0.00","0.00","0.01","0.03","0.06","358.16","1.1","0.22","-0.2","0.00","0.0","0.05"
00:06:46,"9,626.69","-3,853.76","9.78",Off,"9.70","0.7","20.000000","-60.000000","86.000000","111.000000","27.000000","-80.000000","30.00","30.00","30.00","30.00","0.000000","0.0","0.000000","0.0","210.00","13.10","6.61","6.61","5.39","7.59","0.00","0.00","15.40","200.00","15.98","189.80","1.30","200.00","0.01","-0.59","-0.59","0.01","0.02","-0.01","180.57","-0.46","-0.00","0.00","0.01","0.01","-0.05","358.25","1.1","0.22","0.3","0.00","0.1","0.02"
00:06:47,"9,626.59","-3,854.35","9.79",Off,"9.70","1.3","20.000000","-60.000000","86.000000","111.000000","27.000000","-80.000000","30.00","30.00","30.00","30.00","0.000000","0.0","0.000000","0.0","211.00","13.10","6.66","6.67","5.34","7.53","0.00","0.00","15.40","200.00","15.98","189.80","1.30","200.00","0.01","-0.59","-0.59","0.01","0.04","-0.03","180.55","-0.46","-0.00","0.00","0.00","-0.02","-0.04","358.35","1.1","0.23","0.6","0.00","0.1","-0.03"
00:06:48,"9,626.50","-3,854.93","9.82",Off,"9.80","1.9","20.000000","-60.000000","86.000000","111.000000","27.000000","-80.000000","30.00","30.00","30.00","30.00","0.000000","0.0","0.000000","0.0","212.00","13.10","6.68","6.69","5.32","7.51","0.00","0.00","15.40","200.00","15.98","189.80","1.30","200.00","0.01","-0.60","-0.60","0.01","0.05","-0.04","180.71","-0.46","-0.00","0.01","0.00","-0.02","0.02","358.45","1.1","0.24","0.1","0.00","-0.0","-0.01"
00:06:49,"9,626.41","-3,855.52","9.86",Off,"9.80","2.5","20.000000","-60.000000","86.000000","111.000000","27.000000","-80.000000","30.00","30.00","30.00","30.00","0.000000","0.0","0.000000","0.0","212.00","13.10","6.61","6.61","5.39","7.59","0.00","0.00","15.40","200.00","15.99","189.70","1.30","200.00","0.01","-0.60","-0.60","0.01","0.07","-0.05","181.11","-0.46","-0.00","0.01","0.01","0.03","0.07","358.55","1.1","0.23","-0.3","0.00","-0.1","0.05"
00:06:50,"9,626.32","-3,856.11","9.90",Off,"9.90","3.1","20.000000","-60.000000","86.000000","111.000000","27.000000","-80.000000","30.00","30.00","30.00","30.00","0.000000","0.0","0.000000","0.0","213.00","13.10","6.63","6.63","5.37","7.57","0.00","0.00","15.40","200.00","15.98","189.70","1.30","200.00","0.01","-0.60","-0.60","0.01","0.09","-0.07","181.11","-0.46","-0.00","0.01","0.01","-0.00","-0.08","358.67","1.1","0.23","0.2","0.00","0.0","-0.01"
00:06:51,"9,626.23","-3,856.70","9.96",Off,"9.90","3.7","20.000000","-60.000000","86.000000","111.000000","27.000000","-80.000000","30.00","30.00","30.00","30.00","0.000000","0.0","0.000000","0.0","213.00","13.10","6.67","6.67","5.33","7.53","0.00","0.00","15.40","200.00","15.98","189.60","1.30","200.00","0.01","-0.60","-0.60","0.01","0.10","-0.08","181.13","-0.46","-0.00","0.01","0.00","-0.02","0.01","358.78","1.1","0.23","0.4","0.00","0.1","-0.01"
00:06:52,"9,626.14","-3,857.29","10.03",Off,"10.00","4.3","20.000000","-60.000000","86.000000","111.000000","27.000000","-80.000000","30.00","30.00","30.00","30.00","0.000000","0.0","0.000000","0.0","214.00","13.10","6.64","6.64","5.36","7.56","0.00","0.00","15.40","200.00","15.98","189.60","1.30","200.00","0.01","-0.60","-0.60","0.01","0.12","-0.10","181.23","-0.46","-0.00","0.01","0.00","0.01","0.03","358.90","1.1","0.24","0.3","0.00","0.1","0.01"
00:06:53,"9,626.05","-3,857.88","10.10",Off,"10.10","4.9","20.000000","-60.000000","86.000000","111.000000","27.000000","-80.000000","30.00","30.00","30.00","30.00","0.000000","0.0","0.000000","0.0","215.00","13.10","6.65","6.65","5.35","7.55","0.00","0.00","15.40","200.00","15.99","189.50","1.30","200.00","0.02","-0.60","-0.60","0.02","0.14","-0.11","181.46","-0.46","-0.00","0.01","0.00","-0.00","-0.03","359.03","1.1","0.24","-0.4","0.00","-0.1","-0.01"
00:06:54,"9,625.96","-3,858.47","10.19",Off,"10.20","5.5","20.000000","-60.000000","86.000000","111.000000","27.000000","-80.000000","30.00","30.00","30.00","30.00","0.000000","0.0","0.000000","0.0","215.00","13.10","6.64","6.64","5.36","7.56","0.00","0.00","15.40","200.00","15.99","189.40","1.30","200.00","0.02","-0.60","-0.60","0.02","0.15","-0.12","181.82","-0.46","-0.00","0.01","0.01","0.01","0.05","359.15","1.1","0.24","-0.2","0.00","-0.0","0.02"
00:06:55,"9,625.87","-3,859.06","10.29",Off,"10.20","6.1","20.000000","-60.000000","86.000000","111.000000","27.000000","-80.000000","30.00","30.00","30.00","30.00","0.000000","0.0","0.000000","0.0","216.00","13.10","6.62","6.63","5.38","7.57","0.00","0.00","15.40","200.00","15.99","189.30","1.30","200.00","0.02","-0.60","-0.60","0.02","0.17","-0.14","181.84","-0.46","-0.00","0.01","0.00","0.01","-0.00","359.28","1.1","0.24","0.2","0.00","0.1","0.04"
00:06:56,"9,625.78","-3,859.65","10.39",Off,"10.40","6.7","20.000000","-60.000000","86.000000","111.000000","27.000000","-80.000000","30.00","30.00","30.00","30.00","0.000000","0.0","0.000000","0.0","216.00","13.10","6.61","6.62","5.39","7.58","0.00","0.00","15.40","200.00","15.99","189.20","1.30","200.00","0.02","-0.60","-0.60","0.02","0.18","-0.15","181.86","-0.46","-0.00","0.02","0.00","0.01","-0.02","359.42","1.1","0.24","0.6","0.00","0.1","0.02"
00:06:57,"9,625.70","-3,860.24","10.51",Off,"10.50","7.3","20.000000","-60.000000","86.000000","111.000000","27.000000","-80.000000","30.00","30.00","30.00","30.00","0.000000","0.0","0.000000","0.0","217.00","13.10","6.64","6.65","5.36","7.55","0.00","0.00","15.40","200.00","15.99","189.10","1.30","200.00","0.02","-0.60","-0.60","0.02","0.20","-0.16","182.06","-0.46","-0.00","0.02","0.00","-0.01","-0.03","359.55","1.1","0.25","0.2","0.00","0.0","-0.00"
00:06:58,"9,625.61","-3,860.84","10.64",Off,"10.60","7.9","20.000000","-60.000000","86.000000","111.000000","27.000000","-80.000000","30.00","30.00","30.00","30.00","0.000000","0.0","0.000000","0.0","217.00","13.10","6.65","6.66","5.35","7.54","0.00","0.00","15.40","200.00","15.99","189.00","1.30","200.00","0.03","-0.60","-0.60","0.03","0.22","-0.17","182.45","-0.46","-0.00","0.02","0.00","-0.01","0.00","359.70","1.1","0.24","-1.2","0.00","-0.2","-0.00"
00:06:59,"9,625.53","-3,861.43","10.78",Off,"10.70","8.5","20.000000","-60.000000","86.000000","111.000000","27.000000","-80.000000","30.00","30.00","30.00","30.00","0.000000","0.0","0.000000","0.0","218.00","13.10","6.62","6.62","5.38","7.58","0.00","0.00","15.40","200.00","15.99","188.80","1.30","200.00","0.03","-0.60","-0.60","0.03","0.23","-0.19","182.67","-0.46","-0.00","0.02","0.00","0.01","0.07","359.84","1.1","0.23","-0.2","0.00","0.0","0.04"
00:07:00,"9,625.44","-3,862.02","10.92",Off,"10.90","9.1","20.000000","-60.000000","86.000000","111.000000","27.000000","-80.000000","30.00","30.00","30.00","30.00","-25.000000","-4.0","0.000000","0.0","219.00","13.10","6.63","6.63","5.37","7.57","0.00","0.00","15.40","200.00","15.99","188.70","1.30","200.00","0.03","-0.60","-0.60","0.03","0.25","-0.21","182.51","-0.46","-0.00","0.02","0.00","-0.00","-0.08","359.98","1.1","0.23","0.4","0.00","0.1","-0.01"
00:07:01,"9,625.35","-3,862.61","11.08",Off,"11.00","9.6","20.000000","-60.000000","86.000000","111.000000","27.000000","-80.000000","30.00","30.00","30.00","30.00","-27.000000","-14.0","0.000000","0.0","219.00","13.10","6.67","6.68","5.33","7.52","0.00","0.00","15.40","200.00","15.99","188.60","1.30","200.00","0.03","-0.60","-0.60","0.03","0.26","-0.22","182.50","-0.46","-0.00","0.02","-0.00","-0.02","0.00","0.13","1.0","0.24","0.8","0.00","0.2","-0.02"
00:07:02,"9,625.26","-3,863.21","11.24",Off,"11.20","9.5","20.000000","-60.000000","86.000000","111.000000","27.000000","-80.000000","30.00","30.00","30.00","30.00","-30.000000","-24.0","0.000000","0.0","220.00","13.10","6.64","6.65","5.36","7.55","0.00","0.00","15.40","200.00","15.99","188.40","1.30","200.00","0.02","-0.60","-0.60","0.02","0.25","-0.22","182.22","-0.46","-0.00","0.02","-0.00","0.01","0.05","0.28","0.7","0.26","1.8","0.00","-0.0","0.01"
00:07:03,"9,625.16","-3,863.80","11.39",Off,"11.40","9.2","20.000000","-60.000000","86.000000","111.000000","27.000000","-80.000000","30.00","30.00","30.00","30.00","-32.000000","-30.0","0.000000","0.0","220.00","13.10","6.66","6.66","5.34","7.54","0.00","0.00","15.40","200.00","15.99","188.30","1.30","200.00","0.02","-0.60","-0.60","0.02","0.24","-0.22","181.70","-0.46","-0.00","0.02","-0.01","-0.01","-0.06","0.42","0.3","0.29","1.7","0.00","-0.3","-0.02"
00:07:04,"9,625.05","-3,864.39","11.54",Off,"11.50","8.9","20.000000","-60.000000","86.000000","111.000000","27.000000","-80.000000","30.00","30.00","30.00","30.00","-36.000000","-35.0","0.000000","0.0","221.00","13.10","6.68","6.68","5.32","7.52","0.00","0.00","15.40","200.00","15.99","188.20","1.30","200.00","0.00","-0.60","-0.60","0.00","0.22","-0.22","180.77","-0.46","-0.00","0.01","-0.02","-0.01","0.01","0.54","-0.0","0.34","3.8","0.00","0.1","-0.00"
00:07:05,"9,624.93","-3,864.97","11.69",Off,"11.70","8.4","20.000000","-60.000000","86.000000","111.000000","27.000000","-80.000000","30.00","30.00","30.00","30.00","-37.000000","-38.0","0.000000","0.0","222.00","13.10","6.61","6.61","5.39","7.59","0.00","0.00","15.40","200.00","15.99","188.10","1.30","200.00","-0.00","-0.60","-0.60","-0.00","0.20","-0.22","179.92","-0.46","-0.00","0.01","-0.02","0.03","0.05","0.66","-0.3","0.40","3.9","0.00","0.1","0.05"
00:07:06,"9,624.80","-3,865.56","11.82",Off,"11.80","7.9","20.000000","-60.000000","86.000000","111.000000","27.000000","-80.000000","30.00","30.00","30.00","30.00","-37.000000","-37.0","0.000000","0.0","222.00","13.10","6.62","6.62","5.38","7.58","0.00","0.00","15.40","200.00","15.99","187.90","1.30","200.00","-0.01","-0.60","-0.60","-0.01","0.19","-0.21","179.50","-0.46","-0.00","0.00","-0.02","0.00","-0.07","0.76","-0.5","0.46","3.1","0.00","0.1","-0.00"
00:07:07,"9,624.67","-3,866.15","11.95",Off,"11.90","7.5","20.000000","-60.000000","86.000000","111.000000","27.000000","-80.000000","30.00","30.00","30.00","30.00","-38.000000","-39.0","0.000000","0.0","223.00","13.10","6.68","6.69","5.32","7.51","0.00","0.00","15.40","200.00","16.00","187.80","1.30","200.00","-0.01","-0.60","-0.60","-0.01","0.17","-0.20","179.24","-0.46","-0.00","-0.00","-0.02","-0.03","-0.00","0.85","-0.6","0.50","1.9","0.00","-0.0","-0.02"
00:07:08,"9,624.54","-3,866.74","12.07",Off,"12.00","7.0","20.000000","-60.000000","86.000000","111.000000","27.000000","-80.000000","30.00","30.00","30.00","30.00","-38.000000","-38.0","0.000000","0.0","223.00","13.10","6.65","6.65","5.35","7.55","0.00","0.00","15.40","200.00","16.00","187.70","1.30","200.00","-0.01","-0.60","-0.60","-0.01","0.16","-0.19","179.49","-0.46","-0.00","-0.00","-0.02","0.01","0.04","0.93","-0.7","0.51","-0.0","0.00","-0.2","0.01"
00:07:09,"9,624.40","-3,867.32","12.18",Off,"12.10","6.5","20.000000","-60.000000","86.000000","111.000000","27.000000","-80.000000","30.00","30.00","30.00","30.00","-38.000000","-38.0","0.000000","0.0","224.00","13.10","6.63","6.63","5.37","7.57","0.00","0.00","15.40","200.00","16.00","187.60","1.30","200.00","-0.02","-0.60","-0.60","-0.02","0.14","-0.18","178.67","-0.46","-0.00","-0.01","-0.02","0.01","0.01","0.99","-0.8","0.51","0.1","0.00","0.1","0.03"
00:07:10,"9,624.25","-3,867.91","12.29",Off,"12.20","6.0","20.000000","-60.000000","86.000000","111.000000","27.000000","-80.000000","30.00","30.00","30.00","30.00","-38.000000","-38.0","0.000000","0.0","225.00","13.10","6.59","6.59","5.41","7.61","0.00","0.00","15.40","200.00","16.00","187.50","1.30","200.00","-0.02","-0.60","-0.60","-0.02","0.12","-0.17","178.15","-0.46","-0.00","-0.01","-0.02","0.03","0.04","1.05","-0.8","0.50","-0.5","0.00","0.1","0.06"
00:07:11,"9,624.10","-3,868.49","12.38",Off,"12.30","5.6","20.000000","-60.000000","86.000000","111.000000","27.000000","-80.000000","30.00","30.00","30.00","30.00","-38.000000","-38.0","0.000000","0.0","225.00","13.10","6.65","6.66","5.35","7.54","0.00","0.00","15.40","200.00","16.00","187.50","1.30","200.00","-0.03","-0.60","-0.60","-0.03","0.11","-0.17","177.72","-0.46","-0.00","-0.01","-0.02","-0.03","-0.12","1.09","-0.8","0.49","-1.0","0.00","0.1","-0.05"
00:07:12,"9,623.94","-3,869.07","12.47",Off,"12.40","5.1","20.000000","-60.000000","86.000000","111.000000","27.000000","-80.000000","30.00","30.00","30.00","30.00","-38.000000","-37.0","0.000000","0.0","226.00","13.10","6.70","6.71","5.30","7.49","0.00","0.00","15.40","200.00","16.00","187.40","1.30","200.00","-0.03","-0.60","-0.60","-0.03","0.09","-0.16","177.23","-0.46","-0.00","-0.02","-0.03","-0.03","0.07","1.13","-0.8","0.47","-1.4","0.00","-0.0","-0.00"
00:07:13,"9,623.78","-3,869.66","12.55",Off,"12.50","4.7","20.000000","-60.000000","86.000000","111.000000","27.000000","-80.000000","30.00","30.00","30.00","30.00","-38.000000","-38.0","0.000000","0.0","226.00","13.10","6.58","6.59","5.42","7.61","0.00","0.00","15.40","200.00","16.01","187.30","1.30","200.00","-0.04","-0.61","-0.61","-0.04","0.08","-0.16","176.91","-0.47","-0.00","-0.02","-0.03","0.05","0.06","1.15","-0.8","0.44","-1.6","0.00","-0.1","0.07"
00:07:14,"9,623.61","-3,870.24","12.63",Off,"12.60","4.3","20.000000","-60.000000","86.000000","111.000000","27.000000","-80.000000","30.00","30.00","30.00","30.00","-39.000000","-38.0","0.000000","0.0","227.00","13.10","6.63","6.63","5.37","7.57","0.00","0.00","15.40","200.00","16.01","187.30","1.30","200.00","-0.05","-0.61","-0.61","-0.05","0.06","-0.15","175.94","-0.47","-0.00","-0.03","-0.03","-0.01","-0.10","1.17","-0.8","0.42","-0.8","0.00","0.1","-0.02"
00:07:15,"9,623.42","-3,870.82","12.70",Off,"12.70","3.8","20.000000","-60.000000","86.000000","111.000000","27.000000","-80.000000","30.00","30.00","30.00","30.00","-38.000000","-38.0","0.000000","0.0","228.00","13.10","6.67","6.67","5.33","7.53","0.00","0.00","15.40","200.00","16.01","187.20","1.30","200.00","-0.05","-0.61","-0.61","-0.05","0.04","-0.15","175.18","-0.47","-0.00","-0.03","-0.03","-0.02","0.06","1.18","-0.8","0.41","-0.4","0.00","0.1","0.01"
00:07:16,"9,623.23","-3,871.40","12.76",Off,"12.70","3.4","20.000000","-60.000000","86.000000","111.000000","27.000000","-80.000000","30.00","30.00","30.00","30.00","-38.000000","-38.0","0.000000","0.0","228.00","13.10","6.62","6.63","5.38","7.57","0.00","0.00","15.40","200.00","16.01","187.20","1.30","200.00","-0.06","-0.61","-0.61","-0.06","0.02","-0.15","174.51","-0.47","-0.00","-0.04","-0.03","0.01","-0.01","1.19","-0.8","0.40","-0.2","0.00","0.0","0.01"
00:07:17,"9,623.04","-3,871.98","12.81",Off,"12.80","3.0","20.000000","-60.000000","86.000000","111.000000","27.000000","-80.000000","30.00","30.00","30.00","30.00","-39.000000","-39.0","0.000000","0.0","229.00","13.10","6.67","6.68","5.33","7.52","0.00","0.00","15.40","200.00","16.01","187.20","1.30","200.00","-0.07","-0.61","-0.61","-0.07","0.01","-0.14","173.88","-0.47","-0.00","-0.04","-0.03","-0.02","-0.05","1.18","-0.8","0.40","-0.6","0.00","-0.1","-0.03"
00:07:18,"9,622.83","-3,872.56","12.86",Off,"12.80","2.5","20.000000","-60.000000","86.000000","111.000000","27.000000","-80.000000","30.00","30.00","30.00","30.00","-38.000000","-38.0","0.000000","0.0","229.00","13.10","6.65","6.65","5.35","7.55","0.00","0.00","15.40","200.00","16.01","187.10","1.30","200.00","-0.08","-0.61","-0.61","-0.08","-0.01","-0.14","173.26","-0.47","-0.00","-0.05","-0.03","0.01","0.06","1.17","-0.8","0.39","0.2","0.00","-0.0","0.02"
00:07:19,"9,622.62","-3,873.13","12.90",Off,"12.80","2.1","10.000000","-60.000000","86.000000","111.000000","26.000000","-80.000000","30.00","30.00","30.00","30.00","-38.000000","-38.0","0.000000","0.0","230.00","13.10","6.65","6.65","5.35","7.55","0.00","0.00","15.40","200.00","16.01","187.10","1.30","200.00","-0.08","-0.61","-0.61","-0.08","-0.03","-0.14","172.45","-0.47","-0.00","-0.06","-0.04","-0.00","-0.06","1.15","-0.8","0.40","0.5","0.00","0.1","-0.02"
00:07:20,"9,622.40","-3,873.71","12.93",Off,"12.90","1.5","0.000000","-60.000000","86.000000","111.000000","19.000000","-80.000000","30.00","30.00","30.00","30.00","-38.000000","-38.0","0.000000","0.0","231.00","13.10","6.67","6.67","5.33","7.53","0.00","0.00","15.40","200.00","16.02","187.10","1.30","200.00","-0.09","-0.61","-0.61","-0.09","-0.05","-0.13","171.96","-0.47","-0.00","-0.06","-0.03","-0.01","0.05","1.13","-0.8","0.41","0.2","0.00","0.0","0.01"
00:07:21,"9,622.17","-3,874.29","12.94",Off,"12.90","0.6","0.000000","-60.000000","86.000000","111.000000","12.000000","-80.000000","30.00","30.00","30.00","30.00","-39.000000","-38.0","0.000000","0.0","231.00","13.10","6.63","6.64","5.37","7.56","0.00","0.00","15.40","200.00","16.02","187.10","1.30","200.00","-0.09","-0.62","-0.62","-0.09","-0.08","-0.11","171.70","-0.47","-0.01","-0.07","-0.03","0.01","-0.04","1.10","-1.0","0.40","-0.7","0.00","-0.0","-0.02"
00:07:22,"9,621.95","-3,874.87","12.94",Off,"12.90","-0.4","0.000000","-60.000000","86.000000","111.000000","7.000000","-80.000000","30.00","30.00","30.00","30.00","-38.000000","-38.0","0.000000","0.0","232.00","13.10","6.73","6.73","5.27","7.47","0.00","0.00","15.40","200.00","16.03","187.10","1.30","200.00","-0.09","-0.63","-0.63","-0.09","-0.10","-0.08","171.71","-0.48","-0.01","-0.07","-0.03","-0.04","-0.07","1.05","-1.3","0.38","-2.1","0.00","-0.2","-0.08"
00:07:23,"9,621.71","-3,875.47","12.93",Off,"12.90","-1.6","-10.000000","-60.000000","86.000000","111.000000","3.000000","-80.000000","30.00","30.00","30.00","30.00","-38.000000","-38.0","0.000000","0.0","233.00","13.10","6.66","6.66","5.34","7.54","0.00","0.00","15.40","200.00","16.04","187.10","1.30","200.00","-0.10","-0.63","-0.63","-0.10","-0.14","-0.06","171.43","-0.48","-0.02","-0.07","-0.03","0.02","0.16","0.99","-1.6","0.36","-1.1","0.00","0.1","0.05"
00:07:24,"9,621.47","-3,876.07","12.89",Off,"12.80","-2.8","-20.000000","-60.000000","86.000000","111.000000","0.000000","-80.000000","30.00","30.00","30.00","30.00","-38.000000","-38.0","0.000000","0.0","233.00","13.10","6.56","6.56","5.44","7.64","0.00","0.00","15.40","200.00","16.05","187.20","1.30","200.00","-0.10","-0.64","-0.64","-0.10","-0.17","-0.03","171.11","-0.49","-0.02","-0.07","-0.02","0.05","-0.03","0.92","-1.8","0.34","-0.9","0.00","0.2","0.07"
00:07:25,"9,621.23","-3,876.68","12.84",Off,"12.80","-3.9","-20.000000","-50.000000","86.000000","111.000000","-4.000000","-80.000000","30.00","30.00","30.00","30.00","-38.000000","-38.0","0.000000","0.0","234.00","13.10","6.67","6.67","5.33","7.53","0.00","0.00","15.40","200.00","16.06","187.20","1.30","200.00","-0.11","-0.65","-0.65","-0.11","-0.20","-0.01","170.91","-0.49","-0.03","-0.08","-0.02","-0.04","-0.14","0.83","-1.9","0.32","-0.9","0.00","0.0","-0.05"
00:07:26,"9,620.98","-3,877.30","12.76",Off,"12.70","-5.0","-20.000000","0.000000","86.000000","111.000000","-8.000000","-79.000000","30.00","30.00","30.00","30.00","-38.000000","-38.0","0.000000","0.0","234.00","13.10","6.68","6.69","5.32","7.51","0.00","0.00","15.40","200.00","16.07","187.30","1.30","200.00","-0.11","-0.67","-0.67","-0.11","-0.23","0.02","170.70","-0.50","-0.03","-0.08","-0.02","-0.02","0.09","0.72","-1.9","0.31","-1.0","0.00","-0.1","0.00"
00:07:27,"9,620.72","-3,877.93","12.67",Off,"12.60","-6.2","-30.000000","0.000000","86.000000","111.000000","-15.000000","-77.000000","30.00","30.00","30.00","30.00","-39.000000","-39.0","0.000000","0.0","235.00","13.10","6.60","6.60","5.40","7.60","0.00","0.00","15.40","200.00","16.08","187.40","1.30","200.00","-0.11","-0.68","-0.68","-0.11","-0.26","0.04","170.60","-0.51","-0.04","-0.08","-0.02","0.03","0.02","0.60","-2.0","0.29","-1.4","0.00","-0.2","0.05"
00:07:28,"9,620.45","-3,878.56","12.55",Off,"12.50","-7.4","-30.000000","0.000000","86.000000","110.000000","-23.000000","-75.000000","30.00","30.00","30.00","30.00","-39.000000","-38.0","0.000000","0.0","236.00","13.10","6.64","6.64","5.36","7.56","0.00","0.00","15.40","200.00","16.09","187.50","1.30","200.00","-0.12","-0.68","-0.68","-0.12","-0.30","0.06","169.94","-0.52","-0.04","-0.09","-0.02","-0.01","-0.05","0.47","-2.0","0.29","0.7","0.00","0.1","0.01"
00:07:29,"9,620.18","-3,879.21","12.42",Off,"12.40","-8.6","-30.000000","0.000000","87.000000","109.000000","-30.000000","-73.000000","30.00","30.00","30.00","30.00","-39.000000","-38.0","0.000000","0.0","237.00","13.10","6.62","6.63","5.38","7.57","0.00","0.00","15.40","200.00","16.10","187.60","1.30","200.00","-0.13","-0.69","-0.69","-0.13","-0.34","0.09","169.57","-0.52","-0.04","-0.09","-0.02","0.00","0.02","0.33","-2.0","0.30","0.8","0.00","0.1","0.02"
00:07:30,"9,619.91","-3,879.86","12.27",Off,"12.20","-9.8","-30.000000","0.000000","87.000000","108.000000","-38.000000","-71.000000","30.00","30.00","30.00","30.00","-38.000000","-39.0","0.000000","0.0","237.00","13.10","6.66","6.66","5.34","7.54","0.00","0.00","15.40","200.00","16.11","187.80","1.30","200.00","-0.13","-0.70","-0.70","-0.13","-0.37","0.12","169.35","-0.53","-0.04","-0.10","-0.02","-0.02","-0.05","0.17","-2.1","0.32","0.6","0.00","-0.0","-0.02"
00:07:31,"9,619.63","-3,880.52","12.09",Off,"12.00","-11.0","-30.000000","0.000000","88.000000","107.000000","-45.000000","-65.000000","30.00","30.00","30.00","30.00","-38.000000","-38.0","0.000000","0.0","238.00","13.10","6.65","6.66","5.35","7.54","0.00","0.00","15.40","200.00","16.12","188.00","1.30","200.00","-0.13","-0.71","-0.71","-0.13","-0.40","0.14","169.23","-0.54","-0.04","-0.10","-0.02","0.00","0.08","0.00","-2.1","0.32","-0.4","0.00","-0.2","0.02"
00:07:32,"9,619.34","-3,881.19","11.90",Off,"11.80","-12.2","-30.000000","0.000000","89.000000","106.000000","-48.000000","-57.000000","30.00","30.00","30.00","30.00","-38.000000","-39.0","0.000000","0.0","239.00","13.10","6.64","6.64","5.36","7.56","0.00","0.00","15.40","200.00","16.13","188.10","1.30","200.00","-0.14","-0.71","-0.71","-0.14","-0.44","0.17","169.17","-0.54","-0.04","-0.10","-0.01","0.00","-0.06","359.83","-2.1","0.32","0.4","0.00","-0.0","-0.01"
00:07:33,"9,619.06","-3,881.86","11.69",Off,"11.60","-13.4","-30.000000","0.000000","90.000000","104.000000","-49.000000","-49.000000","30.00","30.00","30.00","30.00","-38.000000","-38.0","0.000000","0.0","239.00","13.10","6.67","6.67","5.33","7.53","0.00","0.00","15.40","200.00","16.13","188.40","1.30","200.00","-0.15","-0.72","-0.72","-0.15","-0.47","0.19","168.47","-0.55","-0.03","-0.11","-0.02","-0.01","0.02","359.64","-2.1","0.33","1.4","0.00","0.2","-0.01"
00:07:34,"9,618.76","-3,882.54","11.45",Off,"11.40","-14.6","-30.000000","0.000000","90.000000","103.000000","-50.000000","-41.000000","30.00","30.00","30.00","30.00","-11.000000","-32.0","0.000000","0.0","240.00","13.10","6.61","6.61","5.39","7.59","0.00","0.00","15.40","200.00","16.13","188.60","1.30","200.00","-0.15","-0.72","-0.72","-0.15","-0.50","0.22","168.18","-0.55","-0.03","-0.11","-0.02","0.03","0.03","359.44","-2.1","0.34","0.6","0.00","0.1","0.04"
00:07:35,"9,618.48","-3,883.22","11.20",Off,"11.10","-15.4","-30.000000","0.000000","91.000000","101.000000","-50.000000","-33.000000","30.00","30.00","30.00","30.00","-10.000000","-22.0","0.000000","0.0","241.00","13.10","6.66","6.67","5.34","7.53","0.00","0.00","15.40","200.00","16.14","188.80","1.30","200.00","-0.15","-0.72","-0.72","-0.15","-0.52","0.24","168.25","-0.55","-0.03","-0.12","-0.01","-0.02","-0.11","359.23","-1.9","0.34","-0.7","0.00","-0.1","-0.05"
00:07:36,"9,618.19","-3,883.90","10.94",Off,"10.90","-15.9","-30.000000","0.000000","91.000000","101.000000","-50.000000","-25.000000","30.00","30.00","30.00","30.00","-10.000000","-10.0","0.000000","0.0","242.00","13.10","6.69","6.70","5.31","7.50","0.00","0.00","15.40","200.00","16.14","189.10","1.30","200.00","-0.14","-0.73","-0.73","-0.14","-0.53","0.26","168.60","-0.56","-0.03","-0.12","-0.00","-0.02","0.07","359.02","-1.6","0.31","-3.0","0.00","-0.3","-0.01"
00:07:37,"9,617.91","-3,884.58","10.67",Off,"10.60","-16.3","-30.000000","0.000000","92.000000","100.000000","-50.000000","-17.000000","30.00","30.00","30.00","30.00","-10.000000","-10.0","0.000000","0.0","242.00","13.10","6.62","6.62","5.38","7.58","0.00","0.00","15.40","200.00","16.14","189.30","1.30","200.00","-0.15","-0.72","-0.72","-0.15","-0.54","0.27","168.71","-0.56","-0.02","-0.11","0.00","0.03","0.04","358.81","-1.2","0.27","-1.9","0.00","0.1","0.03"
00:07:38,"9,617.64","-3,885.27","10.40",Off,"10.30","-16.6","-30.000000","0.000000","92.000000","99.000000","-50.000000","-10.000000","30.00","30.00","30.00","30.00","-10.000000","-10.0","0.000000","0.0","243.00","13.10","6.66","6.66","5.34","7.54","0.00","0.00","15.40","200.00","16.14","189.60","1.30","200.00","-0.15","-0.72","-0.72","-0.15","-0.55","0.28","168.47","-0.56","-0.02","-0.12","0.00","-0.01","-0.07","358.61","-1.0","0.24","-1.4","0.00","0.2","-0.03"
00:07:39,"9,617.36","-3,885.95","10.12",Off,"10.00","-17.0","-30.000000","0.000000","93.000000","99.000000","-50.000000","-6.000000","30.00","30.00","30.00","30.00","-10.000000","-10.0","0.000000","0.0","244.00","13.10","6.67","6.68","5.33","7.52","0.00","0.00","15.40","200.00","16.14","189.90","1.30","200.00","-0.15","-0.72","-0.72","-0.15","-0.56","0.28","168.40","-0.56","-0.01","-0.12","0.00","-0.01","0.06","358.41","-0.9","0.22","-1.4","0.00","0.1","-0.00"
00:07:40,"9,617.09","-3,886.63","9.83",Off,"9.80","-17.4","-30.000000","0.000000","93.000000","98.000000","-50.000000","-2.000000","30.00","30.00","30.00","30.00","-10.000000","-11.0","0.000000","0.0","245.00","13.10","6.64","6.65","5.36","7.55","0.00","0.00","15.40","200.00","16.13","190.10","1.30","200.00","-0.15","-0.72","-0.72","-0.15","-0.57","0.29","168.42","-0.56","-0.01","-0.12","0.01","0.01","-0.01","358.21","-0.8","0.20","-1.1","0.00","-0.1","-0.00"
00:07:41,"9,616.83","-3,887.32","9.54",Off,"9.50","-17.8","-30.000000","0.000000","93.000000","98.000000","-50.000000","-1.000000","30.00","30.00","30.00","30.00","-11.000000","-10.0","0.000000","0.0","245.00","13.10","6.66","6.67","5.34","7.53","0.00","0.00","15.40","200.00","16.13","190.40","1.30","200.00","-0.15","-0.72","-0.72","-0.15","-0.58","0.30","168.48","-0.55","-0.01","-0.12","0.01","-0.01","-0.04","358.02","-0.8","0.17","-1.1","0.00","-0.2","-0.02"
00:07:42,"9,616.56","-3,888.00","9.24",Off,"9.20","-18.2","-30.000000","0.000000","93.000000","97.000000","-50.000000","0.000000","30.00","30.00","30.00","30.00","-10.000000","-10.0","0.000000","0.0","246.00","13.10","6.69","6.69","5.31","7.51","0.00","0.00","15.40","200.00","16.13","190.70","1.30","200.00","-0.15","-0.71","-0.71","-0.15","-0.59","0.31","167.96","-0.55","-0.00","-0.12","0.01","-0.01","-0.01","357.83","-0.7","0.17","0.9","0.00","0.1","-0.03"
00:07:43,"9,616.30","-3,888.68","8.93",Off,"8.90","-18.6","-30.000000","0.000000","94.000000","97.000000","-50.000000","0.000000","30.00","30.00","30.00","30.00","-10.000000","-11.0","0.000000","0.0","247.00","13.10","6.64","6.65","5.36","7.55","0.00","0.00","15.40","200.00","16.13","191.00","1.30","200.00","-0.15","-0.71","-0.71","-0.15","-0.60","0.32","167.73","-0.55","-0.00","-0.12","0.01","0.02","0.05","357.64","-0.7","0.19","1.3","0.00","0.1","0.01"
00:07:44,"9,616.04","-3,889.36","8.62",Off,"8.50","-19.0","-30.000000","0.000000","94.000000","96.000000","-50.000000","0.000000","30.00","30.00","30.00","30.00","-11.000000","-10.0","0.000000","0.0","247.00","13.10","6.63","6.64","5.37","7.56","0.00","0.00","15.40","200.00","16.13","191.30","1.30","200.00","-0.15","-0.71","-0.71","-0.15","-0.61","0.33","167.75","-0.55","0.00","-0.12","0.01","0.01","-0.01","357.46","-0.7","0.21","1.1","0.00","0.0","0.01"
00:07:45,"9,615.78","-3,890.03","8.30",Off,"8.20","-19.4","-30.000000","0.000000","94.000000","96.000000","-50.000000","0.000000","30.00","30.00","30.00","30.00","-11.000000","-11.0","0.000000","0.0","248.00","13.10","6.65","6.66","5.35","7.54","0.00","0.00","15.40","200.00","16.12","191.60","1.30","200.00","-0.15","-0.71","-0.71","-0.15","-0.62","0.34","167.80","-0.55","0.00","-0.12","0.01","-0.01","-0.02","357.27","-0.7","0.23","0.7","0.00","-0.1","-0.02"
00:07:46,"9,615.53","-3,890.71","7.97",Off,"7.90","-19.8","-30.000000","0.000000","94.000000","95.000000","-50.000000","0.000000","30.00","30.00","30.00","30.00","-11.000000","-11.0","0.000000","0.0","249.00","13.10","6.68","6.68","5.32","7.52","0.00","0.00","15.40","200.00","16.12","191.90","1.30","200.00","-0.15","-0.70","-0.70","-0.15","-0.63","0.35","167.94","-0.54","0.00","-0.12","0.01","-0.01","0.02","357.10","-0.7","0.23","0.5","0.00","-0.1","-0.01"
00:07:47,"9,615.29","-3,891.38","7.64",Off,"7.60","-20.2","-40.000000","0.000000","94.000000","95.000000","-50.000000","0.000000","30.00","30.00","30.00","30.00","-10.000000","-10.0","0.000000","0.0","250.00","13.10","6.63","6.63","5.37","7.57","0.00","0.00","15.40","200.00","16.12","192.20","1.30","200.00","-0.15","-0.70","-0.70","-0.15","-0.64","0.36","167.70","-0.54","0.00","-0.12","0.01","0.02","0.04","356.92","-0.7","0.26","1.6","0.00","0.1","0.04"
00:07:48,"9,615.04","-3,892.06","7.30",Off,"7.20","-20.6","-40.000000","0.000000","94.000000","94.000000","-56.000000","0.000000","30.00","30.00","30.00","30.00","-10.000000","-10.0","0.000000","0.0","250.00","13.10","6.62","6.62","5.38","7.58","0.00","0.00","15.40","200.00","16.11","192.60","1.30","200.00","-0.15","-0.70","-0.70","-0.15","-0.65","0.37","167.75","-0.54","0.00","-0.12","0.02","0.01","-0.03","356.74","-0.7","0.27","1.0","0.00","0.1","0.01"
00:07:49,"9,614.81","-3,892.73","6.95",Off,"6.90","-21.0","-40.000000","-50.000000","95.000000","94.000000","-63.000000","0.000000","30.00","30.00","30.00","30.00","-11.000000","-11.0","0.000000","0.0","251.00","13.10","6.65","6.65","5.35","7.55","0.00","0.00","15.40","200.00","16.11","192.90","1.30","200.00","-0.15","-0.70","-0.70","-0.15","-0.66","0.39","168.00","-0.54","0.00","-0.12","0.02","-0.01","-0.00","356.57","-0.7","0.28","0.2","0.00","-0.0","0.01"
00:07:50,"9,614.58","-3,893.41","6.60",Off,"6.50","-21.4","0.000000","-60.000000","96.000000","94.000000","-68.000000","-4.000000","30.00","30.00","30.00","30.00","-10.000000","-11.0","0.000000","0.0","252.00","13.10","6.63","6.64","5.37","7.56","0.00","0.00","15.40","200.00","16.11","193.20","1.30","200.00","-0.15","-0.70","-0.70","-0.15","-0.67","0.40","168.08","-0.54","0.00","-0.12","0.02","0.00","-0.00","356.40","-0.7","0.28","0.2","0.00","-0.0","0.01"
00:07:51,"9,614.36","-3,894.09","6.24",Off,"6.20","-21.8","0.000000","-80.000000","97.000000","93.000000","-62.000000","-8.000000","30.00","30.00","30.00","30.00","-10.000000","-10.0","0.000000","0.0","252.00","13.10","6.63","6.64","5.37","7.56","0.00","0.00","15.40","200.00","16.11","193.50","1.30","200.00","-0.15","-0.70","-0.70","-0.15","-0.67","0.41","168.23","-0.54","-0.00","-0.12","0.02","0.00","0.00","356.23","-0.7","0.28","0.2","0.00","0.0","0.02"
00:07:52,"9,614.14","-3,894.77","5.87",Off,"5.80","-22.2","0.000000","-90.000000","97.000000","93.000000","-54.000000","-15.000000","30.00","30.00","30.00","30.00","-11.000000","-11.0","0.000000","0.0","253.00","13.10","6.64","6.64","5.36","7.56","0.00","0.00","15.40","200.00","16.11","193.90","1.30","200.00","-0.15","-0.70","-0.70","-0.15","-0.68","0.42","168.23","-0.54","-0.00","-0.12","0.02","-0.00","-0.01","356.06","-0.7","0.28","0.3","0.00","0.1","0.01"
00:07:53,"9,613.93","-3,895.45","5.50",Off,"5.40","-22.6","0.000000","-90.000000","96.000000","93.000000","-46.000000","-22.000000","30.00","30.00","30.00","30.00","-9.000000","-10.0","0.000000","0.0","254.00","13.10","6.65","6.65","5.35","7.55","0.00","0.00","15.40","200.00","16.11","194.20","1.30","200.00","-0.14","-0.70","-0.70","-0.14","-0.69","0.43","168.36","-0.54","-0.00","-0.12","0.02","-0.01","-0.02","355.90","-0.7","0.29","0.1","0.00","-0.0","-0.01"
00:07:54,"9,613.72","-3,896.13","5.12",Off,"5.00","-22.8","0.000000","-90.000000","96.000000","93.000000","-38.000000","-30.000000","30.00","30.00","30.00","30.00","25.000000","-2.0","0.000000","0.0","255.00","13.10","6.67","6.67","5.33","7.53","0.00","0.00","15.40","200.00","16.11","194.60","1.30","200.00","-0.14","-0.70","-0.70","-0.14","-0.69","0.44","168.53","-0.54","-0.00","-0.11","0.02","-0.01","0.02","355.74","-0.6","0.29","-0.1","0.00","-0.0","-0.00"
00:07:55,"9,613.52","-3,896.82","4.74",Off,"4.70","-22.6","0.000000","-90.000000","95.000000","93.000000","-30.000000","-38.000000","30.00","30.00","30.00","30.00","30.000000","8.0","0.000000","0.0","255.00","13.10","6.64","6.64","5.36","7.56","0.00","0.00","15.40","200.00","16.11","194.90","1.30","200.00","-0.13","-0.70","-0.70","-0.13","-0.68","0.44","168.94","-0.54","-0.00","-0.11","0.03","0.01","-0.01","355.58","-0.3","0.28","-1.1","0.00","-0.1","0.00"
00:07:56,"9,613.34","-3,897.50","4.37",Off,"4.30","-22.2","0.000000","-90.000000","95.000000","93.000000","-22.000000","-46.000000","30.00","30.00","30.00","30.00","31.000000","18.0","0.000000","0.0","256.00","13.10","6.67","6.67","5.33","7.53","0.00","0.00","15.40","200.00","16.11","195.30","1.30","200.00","-0.13","-0.70","-0.70","-0.13","-0.67","0.44","169.34","-0.54","-0.00","-0.11","0.03","-0.01","-0.05","355.43","-0.1","0.26","-1.0","0.00","0.1","-0.03"
00:07:57,"9,613.16","-3,898.19","4.00",Off,"3.90","-21.5","0.000000","-90.000000","95.000000","93.000000","-14.000000","-54.000000","30.00","30.00","30.00","30.00","30.000000","30.0","0.000000","0.0","257.00","13.10","6.65","6.66","5.35","7.54","0.00","0.00","15.40","200.00","16.11","195.60","1.30","200.00","-0.12","-0.70","-0.70","-0.12","-0.64","0.43","169.94","-0.54","-0.00","-0.10","0.04","0.01","0.08","355.30","0.4","0.24","-1.8","0.00","0.0","0.02"
00:07:58,"9,613.00","-3,898.88","3.65",Off,"3.60","-20.6","0.000000","-90.000000","94.000000","94.000000","-8.000000","-62.000000","30.00","30.00","30.00","30.00","30.000000","30.0","0.000000","0.0","257.00","13.10","6.63","6.63","5.37","7.57","0.00","0.00","15.40","200.00","16.10","195.90","1.30","200.00","-0.11","-0.70","-0.70","-0.11","-0.61","0.41","170.84","-0.54","-0.00","-0.10","0.04","0.01","-0.03","355.19","0.9","0.20","-2.4","0.00","0.0","0.02"
00:07:59,"9,612.86","-3,899.57","3.32",Off,"3.20","-19.6","0.000000","-90.000000","94.000000","95.000000","-4.000000","-70.000000","30.00","30.00","30.00","30.00","30.000000","30.0","0.000000","0.0","258.00","13.10","6.63","6.64","5.37","7.56","0.00","0.00","15.40","200.00","16.10","196.20","1.30","200.00","-0.10","-0.70","-0.70","-0.10","-0.58","0.40","171.55","-0.54","-0.00","-0.09","0.05","0.00","-0.00","355.09","1.2","0.16","-2.2","0.00","-0.0","0.03"
00:08:00,"9,612.72","-3,900.26","3.00",Off,"2.90","-18.7","0.000000","-90.000000","94.000000","96.000000","-1.000000","-72.000000","30.00","30.00","30.00","30.00","31.000000","31.0","0.000000","0.0","259.00","13.10","6.60","6.60","5.40","7.60","0.00","0.00","15.40","200.00","16.10","196.50","1.30","200.00","-0.09","-0.70","-0.70","-0.09","-0.54","0.38","172.38","-0.54","-0.01","-0.08","0.05","0.02","0.03","355.02","1.3","0.12","-2.1","0.00","-0.2","0.06"
00:08:01,"9,612.60","-3,900.96","2.69",Off,"2.60","-17.8","0.000000","-90.000000","93.000000","98.000000","-1.000000","-74.000000","30.00","30.00","30.00","30.00","30.000000","30.0","0.000000","0.0","259.00","13.10","6.60","6.60","5.40","7.60","0.00","0.00","15.40","200.00","16.10","196.80","1.30","200.00","-0.09","-0.70","-0.70","-0.09","-0.52","0.36","172.67","-0.54","-0.01","-0.08","0.05","0.01","-0.04","354.96","1.5","0.11","0.0","0.00","0.1","0.04"
00:08:02,"9,612.48","-3,901.66","2.41",Off,"2.30","-16.9","0.000000","-90.000000","93.000000","100.000000","0.000000","-76.000000","30.00","30.00","30.00","30.00","31.000000","31.0","0.000000","0.0","260.00","13.10","6.64","6.64","5.36","7.56","0.00","0.00","15.40","200.00","16.10","197.00","1.30","200.00","-0.08","-0.71","-0.71","-0.08","-0.49","0.35","173.19","-0.54","-0.01","-0.07","0.05","-0.02","-0.02","354.92","1.5","0.11","0.5","0.00","0.1","0.03"
00:08:03,"9,612.38","-3,902.37","2.13",Off,"2.10","-15.9","0.000000","-90.000000","93.000000","101.000000","0.000000","-78.000000","30.00","30.00","30.00","30.00","38.000000","36.0","0.000000","0.0","261.00","13.10","6.60","6.61","5.40","7.59","0.00","0.00","15.40","200.00","16.10","197.20","1.30","200.00","-0.07","-0.71","-0.71","-0.07","-0.46","0.33","173.87","-0.54","-0.01","-0.07","0.05","0.01","0.04","354.90","1.5","0.12","0.8","0.00","0.0","0.05"
00:08:04,"9,612.29","-3,903.09","1.88",Off,"1.80","-14.7","0.000000","-90.000000","93.000000","103.000000","0.000000","-80.000000","30.00","30.00","30.00","30.00","40.000000","40.0","0.000000","0.0","262.00","13.10","6.60","6.60","5.40","7.60","0.00","0.00","15.40","200.00","16.10","197.50","1.30","200.00","-0.06","-0.72","-0.72","-0.06","-0.41","0.32","174.73","-0.55","-0.02","-0.06","0.05","0.00","-0.02","354.90","1.7","0.13","-0.5","0.00","-0.1","0.04"
00:08:05,"9,612.21","-3,903.81","1.64",Off,"1.60","-13.5","0.000000","-100.000000","92.000000","105.000000","0.000000","-82.000000","30.00","30.00","30.00","30.00","40.000000","40.0","0.000000","0.0","262.00","13.10","6.61","6.61","5.39","7.59","0.00","0.00","15.40","200.00","16.11","197.60","1.30","200.00","-0.05","-0.73","-0.73","-0.05","-0.37","0.30","176.14","-0.55","-0.02","-0.05","0.06","-0.00","-0.01","354.91","1.9","0.12","0.2","0.00","-0.0","0.03"
00:08:06,"9,612.15","-3,904.54","1.43",Off,"1.40","-12.3","-10.000000","-100.000000","92.000000","107.000000","0.000000","-84.000000","30.00","30.00","30.00","30.00","40.000000","40.0","0.000000","0.0","263.00","13.10","6.63","6.63","5.37","7.57","0.00","0.00","15.40","200.00","16.11","197.80","1.30","200.00","-0.04","-0.74","-0.74","-0.04","-0.34","0.27","176.60","-0.56","-0.02","-0.04","0.06","-0.01","-0.02","354.95","2.0","0.13","1.2","0.00","0.1","0.01"
00:08:07,"9,612.10","-3,905.28","1.23",Off,"1.20","-11.1","-60.000000","-100.000000","92.000000","109.000000","-2.000000","-86.000000","30.00","30.00","30.00","30.00","40.000000","40.0","0.000000","0.0","264.00","13.10","6.64","6.65","5.36","7.55","0.00","0.00","15.40","200.00","16.12","198.00","1.30","200.00","-0.03","-0.75","-0.75","-0.03","-0.30","0.25","177.50","-0.57","-0.03","-0.04","0.06","-0.01","0.02","355.00","2.0","0.15","1.0","0.00","0.1","0.02"
00:08:08,"9,612.06","-3,906.04","1.06",Off,"1.00","-9.9","-60.000000","-100.000000","92.000000","111.000000","-6.000000","-88.000000","30.00","30.00","30.00","30.00","40.000000","40.0","0.000000","0.0","265.00","13.10","6.63","6.64","5.37","7.56","0.00","0.00","15.40","200.00","16.12","198.10","1.30","200.00","-0.02","-0.76","-0.76","-0.02","-0.26","0.24","178.46","-0.57","-0.03","-0.03","0.06","-0.00","-0.02","355.06","2.1","0.16","0.9","0.00","0.0","0.01"
00:08:09,"9,612.04","-3,906.81","0.90",Off,"0.80","-8.7","-60.000000","-100.000000","91.000000","113.000000","-10.000000","-90.000000","30.00","30.00","30.00","30.00","40.000000","40.0","0.000000","0.0","265.00","13.10","6.63","6.64","5.37","7.56","0.00","0.00","15.40","200.00","16.13","198.20","1.30","200.00","0.00","-0.78","-0.78","0.00","-0.21","0.22","179.49","-0.58","-0.04","-0.02","0.06","0.00","0.03","355.15","2.1","0.16","-1.3","0.00","-0.2","0.03"
00:08:10,"9,612.04","-3,907.60","0.77",Off,"0.70","-7.5","-60.000000","-100.000000","91.000000","114.000000","-18.000000","-92.000000","30.00","30.00","30.00","30.00","39.000000","39.0","0.000000","0.0","266.00","13.10","6.63","6.63","5.37","7.57","0.00","0.00","15.40","200.00","16.15","198.20","1.30","200.00","0.01","-0.80","-0.80","0.01","-0.17","0.20","180.47","-0.60","-0.05","-0.01","0.06","-0.00","-0.05","355.25","2.1","0.16","0.8","0.00","0.0","-0.01"
00:08:11,"9,612.04","-3,908.40","0.65",Off,"0.60","-6.4","-60.000000","-100.000000","91.000000","115.000000","-26.000000","-94.000000","30.00","30.00","30.00","30.00","40.000000","40.0","0.000000","0.0","267.00","13.10","6.68","6.68","5.32","7.52","0.00","0.00","15.40","200.00","16.16","198.30","1.30","200.00","0.02","-0.82","-0.82","0.02","-0.14","0.18","180.87","-0.61","-0.06","0.00","0.06","-0.02","-0.01","355.36","2.1","0.18","1.5","0.00","0.1","-0.05"
00:08:12,"9,612.05","-3,909.23","0.56",Off,"0.50","-5.2","-60.000000","-100.000000","91.000000","117.000000","-34.000000","-96.000000","30.00","30.00","30.00","30.00","40.000000","40.0","0.000000","0.0","268.00","13.10","6.68","6.69","5.32","7.51","0.00","0.00","15.40","200.00","16.18","198.40","1.30","200.00","0.03","-0.84","-0.84","0.03","-0.10","0.16","181.68","-0.62","-0.06","0.01","0.06","-0.01","0.06","355.49","2.1","0.20","1.3","0.00","0.1","-0.01"
00:08:13,"9,612.08","-3,910.08","0.48",Off,"0.40","-4.1","-60.000000","-100.000000","91.000000","117.000000","-41.000000","-98.000000","30.00","30.00","30.00","30.00","40.000000","40.0","0.000000","0.0","269.00","13.10","6.63","6.64","5.37","7.56","0.00","0.00","15.40","200.00","16.20","198.40","1.30","200.00","0.04","-0.86","-0.86","0.04","-0.06","0.15","182.43","-0.64","-0.07","0.02","0.06","0.02","-0.00","355.63","2.0","0.22","1.1","0.00","0.0","0.01"
00:08:14,"9,612.12","-3,910.96","0.42",Off,"0.40","-3.0","-60.000000","-100.000000","92.000000","118.000000","-49.000000","-99.000000","30.00","30.00","30.00","30.00","40.000000","40.0","0.000000","0.0","269.00","13.10","6.67","6.67","5.33","7.53","0.00","0.00","15.40","200.00","16.22","198.30","1.30","200.00","0.05","-0.89","-0.89","0.05","-0.02","0.13","183.37","-0.66","-0.08","0.03","0.06","-0.01","-0.02","355.78","2.0","0.22","0.0","0.00","-0.2","-0.02"
00:08:15,"9,612.17","-3,911.87","0.38",Off,"0.30","-1.9","-60.000000","-100.000000","92.000000","118.000000","-57.000000","-100.000000","30.00","30.00","30.00","30.00","40.000000","39.0","0.000000","0.0","270.00","13.10","6.66","6.66","5.34","7.54","0.00","0.00","15.40","200.00","16.24","198.30","1.30","200.00","0.06","-0.92","-0.92","0.06","0.01","0.11","183.55","-0.68","-0.09","0.04","0.06","0.00","0.01","355.94","2.0","0.24","2.3","0.00","0.1","-0.01"
00:08:16,"9,612.23","-3,912.80","0.36",Off,"0.30","-0.9","-60.000000","-100.000000","94.000000","119.000000","-65.000000","-100.000000","30.00","30.00","30.00","30.00","40.000000","40.0","0.000000","0.0","271.00","13.10","6.67","6.67","5.33","7.53","0.00","0.00","15.40","200.00","16.26","198.30","1.30","200.00","0.07","-0.95","-0.95","0.07","0.05","0.09","183.91","-0.70","-0.10","0.04","0.05","-0.01","0.00","356.11","1.9","0.28","2.2","0.00","0.1","-0.02"
00:08:17,"9,612.30","-3,913.77","0.35",Off,"0.30","0.1","-60.000000","-100.000000","95.000000","119.000000","-71.000000","-100.000000","30.00","30.00","30.00","30.00","40.000000","40.0","0.000000","0.0","272.00","13.10","6.64","6.65","5.36","7.55","0.00","0.00","15.40","200.00","16.29","198.30","1.30","200.00","0.08","-0.98","-0.98","0.08","0.08","0.08","184.42","-0.72","-0.11","0.05","0.05","0.01","0.05","356.28","1.8","0.31","2.1","0.00","0.1","0.03"
00:08:18,"9,612.38","-3,914.76","0.36",Off,"0.30","1.0","20.000000","-100.000000","96.000000","119.000000","-71.000000","-100.000000","30.00","30.00","30.00","30.00","39.000000","40.0","0.000000","0.0","273.00","13.10","6.60","6.61","5.40","7.59","0.00","0.00","15.40","200.00","16.32","198.20","1.30","200.00","0.09","-1.01","-1.01","0.09","0.11","0.07","184.91","-0.75","-0.12","0.06","0.05","0.02","-0.02","356.47","1.7","0.34","1.5","0.00","0.0","0.03"
00:08:19,"9,612.47","-3,915.79","0.38",Off,"0.30","1.8","20.000000","-100.000000","97.000000","119.000000","-67.000000","-100.000000","30.00","30.00","30.00","30.00","40.000000","39.0","0.000000","0.0","274.00","13.10","6.64","6.65","5.36","7.55","0.00","0.00","15.40","200.00","16.34","198.10","1.30","200.00","0.10","-1.04","-1.04","0.10","0.14","0.06","185.51","-0.77","-0.12","0.07","0.05","-0.01","-0.04","356.66","1.6","0.35","0.9","0.00","-0.1","0.00"
00:08:20,"9,612.57","-3,916.85","0.42",Off,"0.40","2.6","20.000000","-100.000000","98.000000","119.000000","-59.000000","-100.000000","33.00","33.00","32.00","32.00","39.000000","39.0","0.000000","0.0","275.00","13.10","6.63","6.63","5.37","7.57","0.00","0.00","15.40","200.00","16.37","198.00","1.30","200.00","0.11","-1.07","-1.07","0.11","0.17","0.04","185.72","-0.79","-0.13","0.08","0.05","0.00","0.03","356.85","1.6","0.37","1.3","0.00","0.0","0.02"
00:08:21,"9,612.67","-3,917.94","0.47",Off,"0.40","3.4","20.000000","-100.000000","97.000000","119.000000","-51.000000","-100.000000","34.00","34.00","33.00","33.00","40.000000","40.0","0.000000","0.0","276.00","13.10","6.62","6.63","5.38","7.57","0.00","0.00","15.40","200.00","16.39","197.90","1.30","200.00","0.12","-1.10","-1.10","0.12","0.20","0.03","186.09","-0.82","-0.13","0.08","0.05","0.01","0.01","357.05","1.5","0.39","1.0","0.00","0.0","0.04"
00:08:22,"9,612.79","-3,919.05","0.53",Off,"0.50","4.2","20.000000","-100.000000","97.000000","119.000000","-43.000000","-100.000000","33.00","33.00","33.00","33.00","39.000000","40.0","0.000000","0.0","277.00","13.10","6.61","6.61","5.39","7.59","0.00","0.00","15.40","200.00","16.42","197.80","1.30","200.00","0.13","-1.13","-1.13","0.13","0.23","0.02","186.46","-0.84","-0.13","0.09","0.05","0.01","-0.02","357.25","1.5","0.40","0.8","0.00","0.0","0.04"
00:08:23,"9,612.91","-3,920.19","0.61",Off,"0.60","5.0","30.000000","-100.000000","96.000000","119.000000","-35.000000","-100.000000","33.00","33.00","33.00","33.00","40.000000","40.0","0.000000","0.0","279.00","13.10","6.61","6.62","5.39","7.58","0.00","0.00","15.40","200.00","16.44","197.70","1.30","200.00","0.14","-1.15","-1.15","0.14","0.26","0.01","186.80","-0.86","-0.13","0.10","0.05","0.00","-0.03","357.45","1.4","0.41","-0.0","0.00","-0.1","0.03"
00:08:24,"9,613.05","-3,921.36","0.70",Off,"0.70","5.8","30.000000","-100.000000","96.000000","119.000000","-27.000000","-100.000000","33.00","33.00","33.00","33.00","40.000000","40.0","0.000000","0.0","280.00","13.10","6.63","6.64","5.37","7.56","0.00","0.00","15.40","200.00","16.46","197.50","1.30","200.00","0.15","-1.18","-1.18","0.15","0.29","0.00","187.13","-0.88","-0.13","0.11","0.05","-0.01","-0.01","357.66","1.4","0.42","0.6","0.00","0.0","0.01"
00:08:25,"9,613.18","-3,922.55","0.80",Off,"0.80","6.5","20.000000","-100.000000","96.000000","119.000000","-19.000000","-100.000000","33.00","33.00","33.00","33.00","40.000000","40.0","0.000000","0.0","281.00","13.10","6.62","6.63","5.38","7.57","0.00","0.00","15.40","200.00","16.48","197.40","1.30","200.00","0.16","-1.20","-1.20","0.16","0.31","-0.01","187.35","-0.90","-0.12","0.11","0.04","0.00","0.01","357.86","1.4","0.43","0.9","0.00","0.0","0.03"
00:08:26,"9,613.33","-3,923.76","0.92",Off,"0.90","7.2","20.000000","-100.000000","95.000000","119.000000","-11.000000","-100.000000","33.00","33.00","34.00","34.00","40.000000","40.0","0.000000","0.0","282.00","13.10","6.61","6.61","5.39","7.59","0.00","0.00","15.40","200.00","16.50","197.20","1.30","200.00","0.17","-1.22","-1.22","0.17","0.34","-0.02","187.63","-0.92","-0.12","0.12","0.04","0.01","0.03","358.07","1.3","0.44","0.9","0.00","0.0","0.04"
00:08:27,"9,613.47","-3,924.99","1.04",Off,"1.00","7.9","20.000000","-100.000000","95.000000","119.000000","-7.000000","-100.000000","33.00","33.00","33.00","33.00","40.000000","40.0","0.000000","0.0","283.00","13.10","6.64","6.65","5.36","7.55","0.00","0.00","15.40","200.00","16.52","197.10","1.30","200.00","0.17","-1.24","-1.24","0.17","0.37","-0.03","187.87","-0.93","-0.12","0.13","0.04","-0.01","-0.04","358.29","1.3","0.46","0.8","0.00","0.0","-0.00"
00:08:28,"9,613.63","-3,926.25","1.18",Off,"1.10","8.6","20.000000","-100.000000","95.000000","119.000000","-3.000000","-100.000000","33.00","33.00","33.00","33.00","40.000000","40.0","0.000000","0.0","285.00","13.10","6.65","6.66","5.35","7.54","0.00","0.00","15.40","200.00","16.54","196.90","1.30","200.00","0.18","-1.26","-1.26","0.18","0.39","-0.03","188.27","-0.95","-0.11","0.13","0.04","-0.01","0.01","358.50","1.3","0.46","0.2","0.00","-0.1","-0.00"
00:08:29,"9,613.79","-3,927.52","1.33",Off,"1.30","9.2","20.000000","-100.000000","94.000000","119.000000","1.000000","-100.000000","33.00","33.00","33.00","33.00","40.000000","40.0","0.000000","0.0","286.00","13.10","6.65","6.65","5.35","7.55","0.00","0.00","15.40","200.00","16.56","196.70","1.30","200.00","0.19","-1.28","-1.28","0.19","0.41","-0.04","188.39","-0.97","-0.11","0.14","0.03","-0.00","0.00","358.71","1.2","0.47","0.8","0.00","-0.0","0.00"
00:08:30,"9,613.95","-3,928.81","1.49",Off,"1.50","9.9","20.000000","-100.000000","94.000000","119.000000","5.000000","-100.000000","33.00","33.00","33.00","33.00","40.000000","40.0","0.000000","0.0","287.00","13.10","6.63","6.64","5.37","7.56","0.00","0.00","15.40","200.00","16.57","196.50","1.30","200.00","0.20","-1.30","-1.30","0.20","0.44","-0.05","188.63","-0.98","-0.11","0.15","0.03","0.01","0.02","358.92","1.2","0.49","0.8","0.00","0.0","0.02"
00:08:31,"9,614.12","-3,930.13","1.66",Off,"1.60","10.5","20.000000","-100.000000","94.000000","119.000000","9.000000","-100.000000","34.00","34.00","34.00","34.00","40.000000","40.0","0.000000","0.0","288.00","13.10","6.63","6.63","5.37","7.57","0.00","0.00","15.40","200.00","16.59","196.30","1.30","200.00","0.21","-1.32","-1.32","0.21","0.46","-0.06","188.84","-0.99","-0.10","0.15","0.03","0.01","0.00","359.13","1.1","0.50","0.8","0.00","0.1","0.01"
00:08:32,"9,614.29","-3,931.45","1.84",Off,"1.80","11.3","20.000000","-100.000000","93.000000","119.000000","15.000000","-100.000000","34.00","34.00","33.00","33.00","40.000000","40.0","0.000000","0.0","290.00","13.10","6.66","6.67","5.34","7.53","0.00","0.00","15.40","200.00","16.60","196.10","1.30","200.00","0.21","-1.33","-1.33","0.21","0.49","-0.07","189.05","-1.01","-0.10","0.16","0.03","-0.01","-0.03","359.35","1.2","0.51","0.4","0.00","-0.1","-0.01"
00:08:33,"9,614.46","-3,932.79","2.04",Off,"2.00","12.4","30.000000","-100.000000","93.000000","119.000000","22.000000","-100.000000","34.00","34.00","33.00","33.00","40.000000","40.0","0.000000","0.0","291.00","13.10","6.64","6.64","5.36","7.56","0.00","0.00","15.40","200.00","16.61","195.90","1.30","200.00","0.22","-1.34","-1.34","0.22","0.52","-0.10","189.24","-1.02","-0.09","0.17","0.02","0.01","0.04","359.56","1.4","0.52","1.4","0.00","0.0","0.01"
00:08:34,"9,614.63","-3,934.14","2.25",Off,"2.20","13.6","20.000000","-100.000000","92.000000","119.000000","26.000000","-100.000000","34.00","34.00","34.00","34.00","40.000000","40.0","0.000000","0.0","293.00","13.10","6.63","6.64","5.37","7.56","0.00","0.00","15.40","200.00","16.62","195.70","1.30","200.00","0.22","-1.35","-1.35","0.22","0.55","-0.13","189.24","-1.03","-0.08","0.17","0.02","0.01","-0.01","359.78","1.7","0.55","1.9","0.00","0.0","0.01"
00:08:35,"9,614.79","-3,935.50","2.49",Off,"2.50","14.9","20.000000","-100.000000","92.000000","119.000000","29.000000","-100.000000","34.00","34.00","34.00","34.00","40.000000","40.0","0.000000","0.0","294.00","13.10","6.65","6.66","5.35","7.54","0.00","0.00","15.40","200.00","16.63","195.50","1.30","200.00","0.22","-1.35","-1.35","0.22","0.58","-0.15","189.34","-1.03","-0.07","0.17","0.01","-0.01","-0.01","0.01","1.9","0.59","2.2","0.00","0.0","-0.01"
00:08:36,"9,614.96","-3,936.87","2.75",Off,"2.70","16.1","20.000000","-100.000000","91.000000","119.000000","28.000000","-100.000000","34.00","34.00","34.00","34.00","40.000000","40.0","0.000000","0.0","295.00","13.10","6.63","6.64","5.37","7.56","0.00","0.00","15.40","200.00","16.64","195.20","1.30","200.00","0.23","-1.36","-1.36","0.23","0.61","-0.18","189.34","-1.04","-0.07","0.18","0.01","0.01","0.03","0.26","2.0","0.63","2.5","0.00","-0.0","0.02"
00:08:37,"9,615.12","-3,938.24","3.03",Off,"3.00","17.3","20.000000","-100.000000","91.000000","119.000000","29.000000","-100.000000","34.00","34.00","34.00","34.00","40.000000","40.0","0.000000","0.0","297.00","13.10","6.64","6.64","5.36","7.56","0.00","0.00","15.40","200.00","16.65","194.90","1.30","200.00","0.23","-1.37","-1.37","0.23","0.65","-0.21","189.58","-1.05","-0.06","0.18","0.01","0.00","-0.02","0.50","2.1","0.66","1.7","0.00","-0.1","0.01"
00:08:38,"9,615.27","-3,939.62","3.33",Off,"3.30","18.4","30.000000","-100.000000","90.000000","119.000000","28.000000","-100.000000","34.00","34.00","34.00","34.00","40.000000","40.0","0.000000","0.0","298.00","13.10","6.65","6.65","5.35","7.55","0.00","0.00","15.40","200.00","16.66","194.70","1.30","200.00","0.23","-1.37","-1.37","0.23","0.68","-0.23","189.53","-1.05","-0.06","0.18","-0.00","-0.00","-0.02","0.76","2.0","0.69","2.3","0.00","0.0","0.00"
00:08:39,"9,615.42","-3,941.01","3.64",Off,"3.60","19.4","20.000000","-100.000000","90.000000","119.000000","30.000000","-100.000000","34.00","34.00","34.00","34.00","40.000000","40.0","0.000000","0.0","299.00","13.10","6.64","6.65","5.36","7.55","0.00","0.00","15.40","200.00","16.67","194.40","1.30","200.00","0.24","-1.38","-1.38","0.24","0.71","-0.26","189.68","-1.06","-0.05","0.18","-0.00","0.00","0.00","1.02","1.9","0.73","1.8","0.00","0.1","-0.00"
00:08:40,"9,615.57","-3,942.41","3.97",Off,"4.00","20.4","30.000000","-100.000000","90.000000","119.000000","30.000000","-100.000000","34.00","34.00","34.00","34.00","39.000000","40.0","0.000000","0.0","301.00","13.10","6.66","6.67","5.34","7.53","0.00","0.00","15.40","200.00","16.67","194.00","1.30","200.00","0.24","-1.39","-1.39","0.24","0.74","-0.28","189.83","-1.06","-0.05","0.19","-0.00","-0.01","-0.01","1.28","1.9","0.75","1.1","0.00","0.0","-0.02"
00:08:41,"9,615.71","-3,943.81","4.32",Off,"4.30","21.5","20.000000","-100.000000","89.000000","119.000000","32.000000","-100.000000","34.00","34.00","34.00","34.00","-30.000000","36.0","0.000000","0.0","302.00","13.10","6.67","6.68","5.33","7.52","0.00","0.00","15.40","200.00","16.68","193.70","1.30","200.00","0.25","-1.39","-1.39","0.25","0.77","-0.30","189.98","-1.06","-0.05","0.19","-0.01","-0.01","0.01","1.55","1.9","0.76","0.3","0.00","-0.0","-0.02"
00:08:42,"9,615.85","-3,945.22","4.69",Off,"4.70","22.3","20.000000","-100.000000","89.000000","119.000000","29.000000","-100.000000","34.00","34.00","34.00","34.00","-39.000000","26.0","0.000000","0.0","304.00","13.10","6.66","6.67","5.34","7.53","0.00","0.00","15.40","200.00","16.69","193.40","1.30","200.00","0.25","-1.40","-1.40","0.25","0.79","-0.32","190.13","-1.07","-0.04","0.20","-0.01","0.00","-0.00","1.82","1.7","0.76","-0.1","0.00","-0.1","-0.02"
00:08:43,"9,615.98","-3,946.63","5.06",Off,"5.00","22.4","20.000000","-100.000000","88.000000","119.000000","28.000000","-100.000000","34.00","34.00","34.00","34.00","-43.000000","16.0","0.000000","0.0","305.00","13.10","6.70","6.70","5.30","7.50","0.00","0.00","15.40","200.00","16.70","193.00","1.30","200.00","0.25","-1.40","-1.40","0.25","0.79","-0.32","190.00","-1.07","-0.04","0.20","-0.02","-0.02","-0.04","2.09","1.3","0.77","0.8","0.00","0.1","-0.05"
00:08:44,"9,616.09","-3,948.06","5.43",Off,"5.40","22.4","30.000000","-100.000000","88.000000","119.000000","27.000000","-100.000000","34.00","34.00","34.00","34.00","-79.000000","6.0","0.000000","0.0","306.00","13.10","6.67","6.68","5.33","7.52","0.00","0.00","15.40","200.00","16.71","192.70","1.30","200.00","0.24","-1.41","-1.41","0.24","0.78","-0.32","189.87","-1.08","-0.04","0.20","-0.02","0.01","0.05","2.34","0.8","0.79","1.3","0.00","0.1","-0.01"
00:08:45,"9,616.19","-3,949.48","5.80",Off,"5.80","22.3","20.000000","-100.000000","88.000000","119.000000","30.000000","-100.000000","34.00","34.00","34.00","34.00","-100.000000","-4.0","0.000000","0.0","308.00","13.10","6.67","6.67","5.33","7.53","0.51","250.00","15.40","200.00","16.72","192.30","1.30","200.00","0.70","-1.19","-1.41","0.24","0.78","-0.33","189.68","-1.08","-0.04","0.19","-0.03","0.00","-0.03","2.59","0.4","0.81","1.7","0.00","0.1","-0.03"
00:08:46,"9,616.28","-3,950.92","6.17",Off,"6.20","21.9","20.000000","0.000000","88.000000","119.000000","28.000000","-99.000000","34.00","34.00","34.00","34.00","-100.000000","-14.0","0.000000","0.0","309.00","13.10","6.66","6.66","5.34","7.54","0.51","250.00","15.40","200.00","16.73","192.00","1.30","200.00","0.69","-1.20","-1.42","0.24","0.77","-0.32","189.56","-1.09","-0.04","0.19","-0.03","0.01","0.06","2.82","0.1","0.83","1.4","0.00","-0.1","0.01"
00:08:47,"9,616.35","-3,952.36","6.53",Off,"6.50","21.3","-40.000000","0.000000","87.000000","119.000000","26.000000","-97.000000","34.00","34.00","34.00","34.00","-100.000000","-24.0","0.000000","0.0","311.00","13.10","6.65","6.66","5.35","7.54","0.51","250.00","15.40","200.00","16.74","191.70","1.30","200.00","0.69","-1.20","-1.43","0.23","0.74","-0.31","189.24","-1.09","-0.04","0.19","-0.04","0.01","-0.05","3.03","-0.3","0.86","2.1","0.00","0.0","-0.02"
00:08:48,"9,616.41","-3,953.80","6.88",Off,"6.90","20.4","-60.000000","0.000000","87.000000","119.000000","19.000000","-95.000000","34.00","34.00","34.00","34.00","-100.000000","-34.0","0.000000","0.0","312.00","13.10","6.67","6.67","5.33","7.53","0.51","250.00","15.40","200.00","16.75","191.40","1.30","200.00","0.68","-1.20","-1.43","0.22","0.72","-0.30","188.95","-1.10","-0.04","0.19","-0.05","-0.00","0.03","3.22","-0.8","0.90","2.2","0.00","0.1","-0.00"
00:08:49,"9,616.45","-3,955.26","7.20",Off,"7.20","18.7","-60.000000","0.000000","87.000000","119.000000","13.000000","-93.000000","34.00","34.00","34.00","34.00","-100.000000","-44.0","0.000000","0.0","314.00","13.10","6.64","6.65","5.36","7.55","0.51","250.00","15.40","200.00","16.76","191.10","1.30","200.00","0.67","-1.21","-1.44","0.22","0.67","-0.26","188.68","-1.10","-0.04","0.18","-0.05","0.01","-0.00","3.39","-1.4","0.93","1.7","0.00","0.0","0.01"
00:08:50,"9,616.48","-3,956.72","7.49",Off,"7.50","16.6","-60.000000","0.000000","87.000000","119.000000","8.000000","-92.000000","356.00","356.00","34.00","34.00","-100.000000","-54.0","0.000000","0.0","315.00","13.10","6.66","6.67","5.34","7.53","0.51","250.00","15.40","200.00","16.77","190.80","1.30","200.00","0.67","-1.22","-1.45","0.22","0.62","-0.21","188.46","-1.11","-0.04","0.18","-0.05","-0.00","-0.04","3.52","-2.2","0.94","-0.4","0.00","-0.2","-0.02"
00:08:51,"9,616.50","-3,958.19","7.75",Off,"7.70","14.4","-60.000000","0.000000","87.000000","119.000000","4.000000","-90.000000","325.00","325.00","32.00","32.00","-100.000000","-64.0","0.000000","0.0","317.00","13.10","6.65","6.66","5.35","7.54","0.51","250.00","15.40","200.00","16.79","190.60","1.30","200.00","0.65","-1.22","-1.46","0.20","0.55","-0.16","188.14","-1.11","-0.04","0.17","-0.05","0.01","0.01","3.61","-2.8","0.95","0.6","0.00","0.0","-0.01"
00:08:52,"9,616.49","-3,959.67","7.97",Off,"7.90","11.9","-60.000000","0.000000","87.000000","119.000000","0.000000","-88.000000","322.00","323.00","30.00","30.00","-100.000000","-74.0","0.000000","0.0","318.00","13.10","6.68","6.68","5.32","7.52","0.51","250.00","15.40","200.00","16.80","190.40","1.30","200.00","0.64","-1.23","-1.47","0.19","0.48","-0.11","187.58","-1.12","-0.05","0.16","-0.06","-0.01","-0.02","3.66","-3.4","0.96","1.1","0.00","0.1","-0.03"
00:08:53,"9,616.47","-3,961.16","8.15",Off,"8.10","9.3","-60.000000","0.000000","87.000000","118.000000","-4.000000","-86.000000","325.00","325.00","28.00","28.00","-100.000000","-84.0","0.000000","0.0","320.00","13.10","6.65","6.66","5.35","7.54","0.51","250.00","15.40","200.00","16.81","190.30","1.30","200.00","0.62","-1.24","-1.48","0.18","0.40","-0.06","187.01","-1.13","-0.05","0.15","-0.07","0.01","0.06","3.67","-3.8","0.98","1.4","0.01","0.1","-0.00"
00:08:54,"9,616.42","-3,962.65","8.28",Off,"8.20","6.4","-60.000000","0.000000","87.000000","117.000000","-8.000000","-84.000000","325.00","325.00","26.00","26.00","-100.000000","-94.0","0.000000","0.0","321.00","13.10","6.66","6.67","5.34","7.53","0.51","250.00","15.40","200.00","16.83","190.20","1.30","200.00","0.61","-1.25","-1.49","0.16","0.31","-0.01","186.32","-1.14","-0.05","0.14","-0.07","0.00","-0.03","3.63","-4.3","1.01","1.9","0.01","0.0","-0.03"
00:08:55,"9,616.35","-3,964.16","8.36",Off,"8.30","3.4","-60.000000","0.000000","87.000000","116.000000","-14.000000","-82.000000","325.00","325.00","24.00","24.00","-100.000000","-100.0","0.000000","0.0","322.00","13.10","6.69","6.70","5.31","7.50","0.51","250.00","15.40","200.00","16.84","190.10","1.30","200.00","0.59","-1.26","-1.50","0.14","0.22","0.05","185.74","-1.15","-0.05","0.13","-0.07","-0.01","-0.01","3.55","-4.6","1.02","1.4","0.00","-0.1","-0.04"
00:08:56,"9,616.26","-3,965.66","8.39",Off,"8.30","0.5","-60.000000","10.000000","87.000000","115.000000","-22.000000","-80.000000","322.00","322.00","22.00","22.00","-100.000000","-100.0","0.000000","0.0","324.00","13.10","6.69","6.69","5.31","7.51","0.51","250.00","15.40","200.00","16.85","190.20","1.30","200.00","0.57","-1.27","-1.51","0.12","0.13","0.11","184.78","-1.15","-0.05","0.11","-0.08","-0.00","-0.01","3.43","-4.9","1.05","2.0","0.00","0.1","-0.04"
00:08:57,"9,616.14","-3,967.17","8.38",Off,"8.30","-2.2","-60.000000","10.000000","88.000000","113.000000","-30.000000","-78.000000","325.00","325.00","20.00","20.00","-100.000000","-100.0","0.000000","0.0","326.00","13.10","6.67","6.68","5.33","7.52","0.51","250.00","15.40","200.00","16.86","190.20","1.30","200.00","0.55","-1.27","-1.52","0.10","0.05","0.16","184.08","-1.16","-0.04","0.10","-0.08","0.01","0.04","3.27","-4.9","1.08","1.4","0.00","0.1","-0.01"
00:08:58,"9,616.02","-3,968.69","8.32",Off,"8.30","-4.9","-60.000000","10.000000","88.000000","112.000000","-38.000000","-76.000000","325.00","325.00","18.00","18.00","-100.000000","-100.0","0.000000","0.0","327.00","13.10","6.67","6.68","5.33","7.52","0.51","250.00","15.40","200.00","16.88","190.30","1.30","200.00","0.53","-1.28","-1.52","0.08","-0.03","0.21","183.41","-1.17","-0.04","0.08","-0.08","-0.00","-0.06","3.07","-4.8","1.10","0.3","0.01","0.1","-0.05"
00:08:59,"9,615.87","-3,970.21","8.21",Off,"8.20","-7.4","-60.000000","10.000000","89.000000","111.000000","-46.000000","-74.000000","325.00","325.00","16.00","16.00","-100.000000","-100.0","0.000000","0.0","329.00","13.10","6.69","6.71","5.31","7.49","0.51","250.00","15.40","200.00","16.88","190.40","1.30","200.00","0.52","-1.29","-1.53","0.07","-0.11","0.26","182.88","-1.17","-0.04","0.07","-0.08","-0.01","0.03","2.83","-4.7","1.08","-2.7","0.00","-0.3","-0.03"
00:09:00,"9,615.72","-3,971.74","8.07",Off,"8.00","-9.9","-60.000000","10.000000","90.000000","109.000000","-54.000000","-72.000000","325.00","325.00","13.00","13.00","-100.000000","-100.0","0.000000","0.0","330.00","13.10","6.63","6.64","5.37","7.56","0.51","250.00","15.40","200.00","16.89","190.60","1.30","200.00","0.50","-1.30","-1.54","0.05","-0.19","0.30","182.20","-1.18","-0.04","0.06","-0.08","0.03","0.02","2.57","-4.6","1.05","-1.7","0.00","-0.0","0.01"
00:09:01,"9,615.54","-3,973.27","7.89",Off,"7.80","-12.2","-60.000000","10.000000","92.000000","108.000000","-62.000000","-69.000000","322.00","322.00","11.00","11.00","-100.000000","-100.0","0.000000","0.0","332.00","13.10","6.67","6.67","5.33","7.53","0.51","250.00","15.40","200.00","16.90","190.80","1.30","200.00","0.48","-1.30","-1.54","0.03","-0.26","0.34","181.44","-1.18","-0.04","0.04","-0.07","-0.01","-0.05","2.28","-4.4","1.02","-1.8","0.00","0.1","-0.02"
00:09:02,"9,615.35","-3,974.81","7.66",Off,"7.60","-14.6","-60.000000","10.000000","93.000000","107.000000","-70.000000","-61.000000","322.00","322.00","9.00","9.00","-100.000000","-100.0","0.000000","0.0","333.00","13.10","6.64","6.65","5.36","7.55","0.51","250.00","15.40","200.00","16.91","191.10","1.30","200.00","0.46","-1.31","-1.55","0.01","-0.34","0.38","180.68","-1.19","-0.04","0.03","-0.08","0.01","0.05","1.97","-4.3","0.99","-1.9","0.00","0.1","0.02"
00:09:03,"9,615.15","-3,976.35","7.40",Off,"7.30","-16.9","-60.000000","10.000000","95.000000","105.000000","-72.000000","-53.000000","325.00","325.00","7.00","7.00","-100.000000","-100.0","0.000000","0.0","335.00","13.10","6.62","6.64","5.38","7.56","0.51","250.00","15.40","200.00","16.92","191.40","1.30","200.00","0.44","-1.32","-1.56","-0.01","-0.42","0.42","179.94","-1.19","-0.03","0.01","-0.07","0.01","-0.03","1.64","-4.2","0.96","-2.1","0.01","0.0","0.01"
00:09:04,"9,614.94","-3,977.89","7.10",Off,"7.00","-19.2","-60.000000","10.000000","97.000000","104.000000","-74.000000","-45.000000","322.00","322.00","5.00","5.00","-100.000000","-100.0","0.000000","0.0","336.00","13.10","6.65","6.66","5.35","7.54","0.51","250.00","15.40","200.00","16.93","191.70","1.30","200.00","0.42","-1.33","-1.56","-0.03","-0.49","0.46","179.27","-1.20","-0.03","-0.01","-0.07","-0.01","0.01","1.28","-4.2","0.91","-2.3","0.00","-0.1","0.00"
00:09:05,"9,614.71","-3,979.44","6.76",Off,"6.70","-21.4","-60.000000","10.000000","99.000000","102.000000","-76.000000","-37.000000","325.00","325.00","3.00","3.00","-100.000000","-100.0","0.000000","0.0","338.00","13.10","6.62","6.63","5.38","7.57","0.51","250.00","15.40","200.00","16.94","192.00","1.30","200.00","0.40","-1.34","-1.57","-0.05","-0.57","0.49","178.41","-1.20","-0.03","-0.02","-0.07","0.01","0.03","0.91","-4.1","0.88","-1.5","0.00","0.0","0.03"
00:09:06,"9,614.46","-3,980.99","6.39",Off,"6.30","-23.7","-60.000000","10.000000","101.000000","102.000000","-78.000000","-29.000000","325.00","325.00","1.00","1.00","-100.000000","-100.0","0.000000","0.0","339.00","13.10","6.63","6.63","5.37","7.57","0.51","250.00","15.40","200.00","16.94","192.40","1.30","200.00","0.38","-1.34","-1.57","-0.08","-0.65","0.53","177.57","-1.21","-0.03","-0.04","-0.07","-0.00","-0.03","0.52","-4.1","0.86","-0.7","0.00","0.1","0.02"
00:09:07,"9,614.21","-3,982.54","5.97",Off,"5.90","-26.0","-60.000000","10.000000","102.000000","101.000000","-79.000000","-21.000000","325.00","325.00","359.00","359.00","-100.000000","-100.0","0.000000","0.0","341.00","13.10","6.64","6.65","5.36","7.55","0.51","250.00","15.40","200.00","16.95","192.90","1.30","200.00","0.36","-1.35","-1.58","-0.10","-0.73","0.56","176.77","-1.21","-0.03","-0.06","-0.07","-0.01","-0.04","0.11","-4.0","0.85","-0.6","0.00","0.0","-0.01"
00:09:08,"9,613.94","-3,984.10","5.52",Off,"5.40","-28.2","-60.000000","10.000000","104.000000","101.000000","-80.000000","-13.000000","325.00","325.00","357.00","357.00","-100.000000","-100.0","0.000000","0.0","343.00","13.10","6.66","6.68","5.34","7.52","0.51","250.00","15.40","200.00","16.96","193.30","1.30","200.00","0.34","-1.36","-1.58","-0.12","-0.80","0.60","176.06","-1.21","-0.03","-0.08","-0.06","-0.01","0.00","359.68","-4.0","0.83","-1.3","0.00","-0.1","-0.02"
00:09:09,"9,613.67","-3,985.66","5.03",Off,"4.90","-30.5","-60.000000","10.000000","105.000000","100.000000","-80.000000","-8.000000","325.00","325.00","355.00","355.00","-100.000000","-100.0","0.000000","0.0","344.00","13.10","6.65","6.65","5.35","7.55","0.51","250.00","15.40","200.00","16.97","193.80","1.30","200.00","0.32","-1.37","-1.58","-0.14","-0.88","0.63","175.22","-1.22","-0.03","-0.09","-0.06","0.00","0.02","359.24","-4.0","0.82","0.0","0.00","0.0","0.01"
00:09:10,"9,613.38","-3,987.23","4.50",Off,"4.40","-32.6","-60.000000","10.000000","106.000000","100.000000","-80.000000","-4.000000","322.00","322.00","352.00","352.00","-100.000000","-100.0","0.000000","0.0","346.00","13.10","6.64","6.65","5.36","7.55","0.51","250.00","15.40","200.00","16.97","194.40","1.30","200.00","0.30","-1.37","-1.59","-0.17","-0.96","0.66","174.36","-1.22","-0.02","-0.11","-0.06","-0.00","-0.02","358.78","-3.9","0.83","0.6","0.00","0.1","-0.01"
00:09:11,"9,613.09","-3,988.80","3.94",Off,"3.80","-34.8","-60.000000","10.000000","107.000000","99.000000","-80.000000","0.000000","325.00","325.00","350.00","350.00","-100.000000","-100.0","0.000000","0.0","347.00","13.10","6.67","6.68","5.33","7.52","0.51","250.00","15.40","200.00","16.98","195.00","1.30","200.00","0.28","-1.38","-1.59","-0.19","-1.03","0.70","173.56","-1.22","-0.02","-0.13","-0.05","-0.01","0.01","358.31","-3.9","0.84","0.5","0.00","0.0","-0.03"
00:09:12,"9,612.79","-3,990.38","3.34",Off,"3.20","-36.8","-60.000000","10.000000","108.000000","98.000000","-80.000000","4.000000","325.00","325.00","348.00","348.00","-100.000000","-100.0","0.000000","0.0","349.00","13.34","6.68","6.69","5.81","7.51","0.51","250.00","15.40","200.00","16.98","195.50","1.30","200.00","0.26","-1.39","-1.59","-0.21","-1.10","0.73","172.81","-1.22","-0.02","-0.15","-0.05","-0.01","0.00","357.83","-3.8","0.84","-0.3","0.00","-0.1","-0.01"
00:09:13,"9,612.49","-3,991.95","2.71",Off,"2.60","-38.9","-60.000000","10.000000","108.000000","98.000000","-80.000000","8.000000","325.00","325.00","346.00","346.00","-100.000000","-100.0","0.000000","0.0","350.00","14.20","6.63","6.64","7.57","7.56","0.51","250.00","15.40","200.00","16.99","196.20","1.30","200.00","0.24","-1.39","-1.59","-0.23","-1.17","0.76","172.05","-1.22","-0.02","-0.17","-0.04","0.02","0.04","357.34","-3.7","0.84","0.4","0.00","0.0","0.03"
00:09:14,"9,612.18","-3,993.53","2.05",Off,"1.90","-40.9","-60.000000","10.000000","109.000000","97.000000","-80.000000","9.000000","325.00","325.00","344.00","344.00","-99.000000","-99.0","0.000000","0.0","352.00","14.20","6.63","6.64","7.57","7.56","0.51","250.00","15.40","200.00","16.99","196.80","1.30","200.00","0.22","-1.40","-1.59","-0.25","-1.24","0.78","171.22","-1.22","-0.02","-0.19","-0.04","0.00","-0.02","356.85","-3.6","0.85","0.5","0.00","0.1","0.01"
00:09:15,"9,611.87","-3,995.11","1.35",Off,"1.20","-42.8","-60.000000","10.000000","109.000000","96.000000","-80.000000","10.000000","322.00","322.00","342.00","342.00","-100.000000","-100.0","0.000000","0.0","354.00","14.20","6.63","6.64","7.57","7.56","0.51","250.00","15.40","200.00","16.99","197.50","1.30","200.00","0.20","-1.40","-1.59","-0.28","-1.31","0.81","170.45","-1.22","-0.01","-0.20","-0.04","-0.00","-0.01","356.34","-3.6","0.85","0.1","0.00","0.0","0.01"
00:09:16,"9,611.56","-3,996.69","0.62",Off,"0.50","-44.7","-60.000000","10.000000","109.000000","96.000000","-80.000000","10.000000","325.00","325.00","340.00","340.00","-99.000000","-100.0","0.000000","0.0","355.00","14.20","6.64","6.65","7.56","7.55","0.51","250.00","15.40","200.00","16.99","198.30","1.30","200.00","0.18","-1.40","-1.58","-0.29","-1.37","0.84","169.69","-1.22","-0.01","-0.22","-0.03","-0.00","0.02","355.83","-3.5","0.85","-1.2","0.00","-0.1","0.01"
00:09:17,"9,611.24","-3,998.27","359.86",Off,"359.70","-46.5","-60.000000","10.000000","109.000000","95.000000","-80.000000","10.000000","322.00","322.00","338.00","338.00","-100.000000","-100.0","0.000000","0.0","357.00","14.20","6.64","6.64","7.56","7.56","0.51","250.00","15.40","200.00","16.99","199.00","1.30","200.00","0.16","-1.41","-1.58","-0.32","-1.44","0.86","169.01","-1.22","-0.01","-0.24","-0.02","-0.00","-0.02","355.31","-3.4","0.83","-0.3","0.00","-0.0","0.01"
00:09:18,"9,610.93","-3,999.85","359.07",Off,"358.90","-48.2","-60.000000","10.000000","110.000000","95.000000","-80.000000","10.000000","325.00","325.00","336.00","336.00","-99.000000","-99.0","0.000000","0.0","359.00","14.20","6.63","6.64","7.57","7.56","0.51","250.00","15.40","200.00","16.99","199.80","1.30","200.00","0.14","-1.41","-1.57","-0.34","-1.51","0.88","168.07","-1.22","-0.01","-0.25","-0.02","-0.00","0.01","354.79","-3.3","0.83","0.6","0.00","0.1","0.01"
00:09:19,"9,610.61","-4,001.43","358.25",Off,"358.10","-49.9","-60.000000","10.000000","110.000000","94.000000","-80.000000","10.000000","325.00","325.00","334.00","334.00","-100.000000","-100.0","0.000000","0.0","360.00","14.20","6.64","6.65","7.56","7.55","0.51","250.00","15.40","200.00","17.00","200.60","1.30","200.00","0.12","-1.41","-1.57","-0.36","-1.57","0.90","167.27","-1.21","-0.01","-0.27","-0.02","-0.01","-0.00","354.27","-3.2","0.84","0.3","0.00","0.1","-0.00"
00:09:20,"9,610.30","-4,003.01","357.41",Off,"357.30","-51.5","-60.000000","10.000000","110.000000","94.000000","-80.000000","10.000000","325.00","325.00","331.00","331.00","-99.000000","-99.0","0.000000","0.0","362.00","14.20","6.65","6.67","7.55","7.53","0.51","250.00","15.40","200.00","17.00","201.40","1.30","200.00","0.10","-1.41","-1.57","-0.39","-1.63","0.92","166.48","-1.21","-0.01","-0.29","-0.01","-0.01","0.00","353.74","-3.0","0.84","0.3","0.00","0.0","-0.01"
00:09:21,"9,609.99","-4,004.59","356.54",Off,"356.40","-53.0","-60.000000","10.000000","110.000000","93.000000","-80.000000","10.000000","325.00","325.00","329.00","329.00","-100.000000","-100.0","0.000000","0.0","363.00","14.20","6.63","6.64","7.57","7.56","0.51","250.00","15.40","200.00","16.99","202.30","1.30","200.00","0.08","-1.42","-1.56","-0.41","-1.69","0.94","165.92","-1.20","-0.01","-0.31","-0.01","0.01","0.01","353.22","-2.9","0.83","-0.2","0.00","-0.1","0.01"
00:09:22,"9,609.67","-4,006.17","355.64",Off,"355.50","-54.4","-60.000000","10.000000","110.000000","93.000000","-80.000000","10.000000","325.00","325.00","327.00","327.00","-99.000000","-100.0","0.000000","0.0","365.00","14.20","6.67","6.67","7.53","7.53","0.51","250.00","15.40","200.00","17.00","203.20","1.30","200.00","0.06","-1.42","-1.55","-0.43","-1.75","0.95","164.80","-1.20","-0.00","-0.32","-0.01","-0.02","-0.03","352.70","-2.8","0.84","1.2","0.00","0.1","-0.02"
00:09:23,"9,609.36","-4,007.76","354.73",Off,"354.60","-55.7","-60.000000","10.000000","110.000000","92.000000","-80.000000","10.000000","322.00","322.00","325.00","325.00","-100.000000","-99.0","0.000000","0.0","367.00","14.20","6.64","6.65","7.56","7.55","0.51","250.00","15.40","200.00","16.99","204.10","1.30","200.00","0.04","-1.42","-1.55","-0.45","-1.80","0.96","163.95","-1.19","-0.00","-0.34","-0.01","0.00","0.03","352.18","-2.6","0.86","1.3","0.00","0.1","0.01"
00:09:24,"9,609.05","-4,009.34","353.79",Off,"353.60","-57.5","-60.000000","10.000000","110.000000","92.000000","-80.000000","10.000000","322.00","322.00","325.00","325.00","-100.000000","-100.0","0.000000","0.0","368.00","14.20","6.65","6.66","7.55","7.54","0.51","250.00","15.40","200.00","16.99","205.00","1.30","200.00","0.02","-1.42","-1.54","-0.48","-1.87","0.99","163.16","-1.19","-0.00","-0.36","-0.00","-0.01","-0.02","351.66","-2.5","0.88","1.1","0.00","0.0","-0.01"
00:09:25,"9,608.75","-4,010.92","352.81",Off,"352.70","-60.0","-60.000000","10.000000","110.000000","91.000000","-80.000000","10.000000","325.00","325.00","325.00","325.00","-99.000000","-100.0","0.000000","0.0","370.00","14.20","6.65","6.66","7.55","7.54","0.51","250.00","15.40","200.00","16.99","205.90","1.30","200.00","0.00","-1.42","-1.53","-0.49","-1.94","1.03","162.50","-1.18","-0.00","-0.38","0.01","-0.00","0.03","351.14","-3.2","0.89","-0.2","0.00","-0.1","0.00"
00:09:26,"9,608.46","-4,012.50","351.79",Off,"351.60","-62.3","-60.000000","10.000000","110.000000","91.000000","-80.000000","10.000000","325.00","325.00","325.00","325.00","-100.000000","-100.0","0.000000","0.0","371.00","14.20","6.66","6.67","7.54","7.53","0.51","250.00","15.40","200.00","16.99","206.90","1.30","200.00","-0.02","-1.42","-1.52","-0.52","-2.03","1.06","161.55","-1.18","-0.00","-0.39","0.01","-0.01","-0.02","350.61","-3.6","0.90","1.5","0.00","0.0","-0.02"
00:09:27,"9,608.16","-4,014.08","350.73",Off,"350.60","-64.5","-60.000000","10.000000","110.000000","91.000000","-80.000000","10.000000","325.00","325.00","325.00","325.00","-100.000000","-100.0","0.000000","0.0","373.00","14.20","6.65","6.65","7.55","7.55","0.51","250.00","15.40","200.00","16.99","208.00","1.30","200.00","-0.04","-1.42","-1.51","-0.54","-2.10","1.10","160.65","-1.17","-0.00","-0.41","0.01","0.00","0.04","350.06","-3.8","0.92","1.3","0.00","0.1","0.00"
00:09:28,"9,607.88","-4,015.65","349.64",Off,"349.50","-66.6","-60.000000","10.000000","110.000000","90.000000","-80.000000","10.000000","325.00","325.00","325.00","325.00","-100.000000","-100.0","0.000000","0.0","375.00","14.20","6.68","6.70","7.52","7.50","0.51","250.00","15.40","200.00","16.98","209.00","1.30","200.00","-0.06","-1.41","-1.50","-0.56","-2.17","1.13","159.81","-1.16","-0.00","-0.43","0.02","-0.03","-0.08","349.51","-3.8","0.94","1.1","0.00","0.0","-0.05"
00:09:29,"9,607.60","-4,017.23","348.51",Off,"348.30","-68.7","-60.000000","20.000000","110.000000","90.000000","-80.000000","10.000000","325.00","325.00","325.00","325.00","-100.000000","-100.0","0.000000","0.0","376.00","14.20","6.65","6.66","7.55","7.54","0.51","250.00","15.40","200.00","16.98","210.10","1.30","200.00","-0.08","-1.41","-1.49","-0.58","-2.24","1.17","158.96","-1.15","-0.00","-0.45","0.02","0.01","0.11","348.95","-3.7","0.96","0.4","0.00","-0.1","0.03"
00:09:30,"9,607.33","-4,018.80","347.34",Off,"347.20","-70.8","-60.000000","20.000000","110.000000","90.000000","-80.000000","14.000000","325.00","325.00","325.00","325.00","-100.000000","-100.0","0.000000","0.0","378.00","14.20","6.60","6.61","7.60","7.59","0.51","250.00","15.40","200.00","16.97","211.20","1.30","200.00","-0.10","-1.41","-1.47","-0.60","-2.32","1.20","158.11","-1.14","-0.00","-0.47","0.02","0.02","-0.02","348.38","-3.7","0.97","0.7","0.00","-0.0","0.03"
00:09:31,"9,607.07","-4,020.37","346.15",Off,"346.00","-73.1","-60.000000","20.000000","110.000000","90.000000","-80.000000","21.000000","325.00","325.00","325.00","325.00","-100.000000","-100.0","0.000000","0.0","379.00","14.20","6.63","6.64","7.57","7.56","0.51","250.00","15.40","200.00","16.96","212.40","1.30","200.00","-0.12","-1.40","-1.46","-0.62","-2.39","1.23","157.27","-1.13","0.00","-0.48","0.03","-0.01","-0.02","347.80","-3.8","0.98","0.5","0.00","0.0","0.00"
00:09:32,"9,606.82","-4,021.93","344.91",Off,"344.70","-75.5","-60.000000","20.000000","110.000000","89.000000","-80.000000","25.000000","325.00","325.00","325.00","325.00","-100.000000","-100.0","0.000000","0.0","381.00","14.20","6.67","6.68","7.53","7.52","0.51","250.00","15.40","200.00","16.95","213.60","1.30","200.00","-0.13","-1.39","-1.44","-0.64","-2.46","1.28","156.45","-1.12","0.01","-0.50","0.04","-0.03","-0.02","347.22","-3.9","0.97","-0.4","0.00","0.0","-0.02"
00:09:33,"9,606.59","-4,023.47","343.63",Off,"343.40","-77.7","-60.000000","20.000000","110.000000","89.000000","-80.000000","26.000000","325.00","325.00","325.00","325.00","-100.000000","-100.0","0.000000","0.0","382.00","14.20","6.63","6.64","7.57","7.56","0.51","250.00","15.40","200.00","16.94","214.80","1.30","200.00","-0.14","-1.38","-1.42","-0.65","-2.53","1.32","155.59","-1.10","0.01","-0.51","0.04","0.00","0.06","346.63","-4.0","0.97","-0.5","0.00","-0.0","0.04"
00:09:34,"9,606.37","-4,025.01","342.31",Off,"342.10","-79.9","-60.000000","20.000000","110.000000","89.000000","-80.000000","27.000000","325.00","325.00","325.00","325.00","-100.000000","-99.0","0.000000","0.0","384.00","14.20","6.59","6.60","7.61","7.60","0.51","250.00","15.40","200.00","16.92","216.10","1.30","200.00","-0.16","-1.37","-1.39","-0.67","-2.60","1.36","154.77","-1.09","0.01","-0.52","0.05","0.01","-0.01","346.03","-3.9","0.96","-0.6","0.00","-0.1","0.06"
00:09:35,"9,606.16","-4,026.54","340.96",Off,"340.80","-82.1","-60.000000","20.000000","110.000000","88.000000","-80.000000","27.000000","322.00","322.00","325.00","325.00","-100.000000","-100.0","0.000000","0.0","386.00","14.20","6.59","6.59","7.61","7.61","0.51","250.00","15.40","200.00","16.90","217.40","1.30","200.00","-0.18","-1.36","-1.37","-0.69","-2.67","1.40","153.78","-1.07","0.02","-0.54","0.05","0.00","-0.01","345.43","-3.7","0.94","-0.8","0.00","-0.1","0.04"
00:09:36,"9,605.97","-4,028.04","339.59",Off,"339.40","-83.4","-60.000000","20.000000","110.000000","88.000000","-80.000000","27.000000","322.00","322.00","325.00","325.00","-100.000000","-100.0","0.000000","0.0","387.00","14.20","6.65","6.66","7.55","7.54","0.51","250.00","15.40","200.00","16.89","218.70","1.30","200.00","-0.19","-1.35","-1.34","-0.70","-2.72","1.42","152.85","-1.05","0.02","-0.55","0.06","-0.04","-0.09","344.82","-3.5","0.93","-0.4","0.00","0.0","-0.03"
00:09:37,"9,605.79","-4,029.54","338.19",Off,"338.00","-85.1","-60.000000","20.000000","110.000000","88.000000","-80.000000","27.000000","325.00","325.00","325.00","325.00","-100.000000","-100.0","0.000000","0.0","389.00","14.20","6.70","6.71","7.50","7.49","0.51","250.00","15.40","200.00","16.87","220.10","1.30","200.00","-0.21","-1.33","-1.32","-0.72","-2.78","1.44","151.86","-1.03","0.02","-0.56","0.06","-0.04","0.01","344.22","-3.3","0.93","0.2","0.00","0.0","-0.05"
00:09:38,"9,605.61","-4,031.03","336.76",Off,"336.60","-86.4","-60.000000","20.000000","110.000000","88.000000","-80.000000","27.000000","325.00","325.00","325.00","325.00","-100.000000","-100.0","0.000000","0.0","390.00","14.20","6.66","6.67","7.54","7.53","0.51","250.00","15.40","200.00","16.86","221.50","1.30","200.00","-0.23","-1.32","-1.29","-0.73","-2.82","1.46","150.79","-1.01","0.02","-0.57","0.06","-0.00","0.04","343.62","-3.0","0.95","1.7","0.00","-0.1","0.01"
00:09:39,"9,605.46","-4,032.50","335.31",Off,"335.10","-87.5","0.000000","20.000000","110.000000","88.000000","-80.000000","27.000000","322.00","322.00","325.00","325.00","-100.000000","-100.0","0.000000","0.0","392.00","14.20","6.60","6.61","7.60","7.59","0.51","250.00","15.40","200.00","16.84","222.90","1.30","200.00","-0.24","-1.31","-1.27","-0.74","-2.86","1.48","149.89","-0.99","0.02","-0.59","0.07","0.02","0.02","343.03","-2.6","0.97","0.5","0.00","0.0","0.05"
00:09:40,"9,605.32","-4,033.95","333.84",Off,"333.60","-88.6","0.000000","20.000000","110.000000","87.000000","-78.000000","27.000000","325.00","325.00","325.00","325.00","-100.000000","-100.0","0.000000","0.0","393.00","14.20","6.63","6.64","7.57","7.56","0.51","250.00","15.40","200.00","16.81","224.30","1.30","200.00","-0.25","-1.29","-1.24","-0.75","-2.90","1.50","149.07","-0.97","0.03","-0.59","0.08","-0.01","-0.05","342.45","-2.4","0.97","-0.2","0.00","0.0","-0.00"
00:09:41,"9,605.20","-4,035.38","332.36",Off,"332.20","-89.5","0.000000","20.000000","109.000000","87.000000","-76.000000","27.000000","322.00","322.00","325.00","325.00","-100.000000","-100.0","0.000000","0.0","394.00","14.20","6.70","6.71","7.50","7.49","0.51","250.00","15.40","200.00","16.79","225.80","1.30","200.00","-0.26","-1.28","-1.21","-0.77","-2.93","1.51","148.06","-0.95","0.03","-0.60","0.08","-0.05","-0.06","341.88","-2.1","0.97","0.4","0.00","-0.0","-0.07"
00:09:42,"9,605.08","-4,036.80","330.86",Off,"330.70","-90.3","0.000000","20.000000","109.000000","87.000000","-74.000000","27.000000","325.00","325.00","325.00","325.00","-100.000000","-100.0","0.000000","0.0","396.00","14.20","6.68","6.69","7.52","7.51","0.51","250.00","15.40","200.00","16.77","227.20","1.30","200.00","-0.28","-1.26","-1.18","-0.78","-2.97","1.51","146.92","-0.92","0.03","-0.61","0.08","-0.01","0.11","341.33","-1.9","0.99","2.8","0.00","-0.0","-0.00"
00:09:43,"9,604.98","-4,038.20","329.35",Off,"329.20","-90.7","0.000000","20.000000","108.000000","87.000000","-72.000000","27.000000","325.00","325.00","325.00","325.00","-100.000000","-100.0","0.000000","0.0","397.00","14.20","6.62","6.63","7.58","7.57","0.51","250.00","15.40","200.00","16.75","228.70","1.30","200.00","-0.28","-1.24","-1.14","-0.78","-2.98","1.52","145.79","-0.90","0.03","-0.62","0.09","0.02","-0.02","340.79","-1.5","1.03","1.1","0.00","0.0","0.01"
00:09:44,"9,604.90","-4,039.57","327.84",Off,"327.60","-91.1","10.000000","20.000000","107.000000","87.000000","-69.000000","27.000000","325.00","325.00","325.00","325.00","-100.000000","-100.0","0.000000","0.0","399.00","14.20","6.65","6.66","7.55","7.54","0.51","250.00","15.40","200.00","16.72","230.20","1.30","200.00","-0.29","-1.22","-1.11","-0.78","-2.99","1.53","145.18","-0.88","0.03","-0.63","0.10","-0.02","-0.01","340.27","-1.2","1.03","-1.2","0.00","0.0","-0.01"
00:09:45,"9,604.83","-4,040.91","326.32",Off,"326.10","-91.4","10.000000","20.000000","106.000000","87.000000","-61.000000","27.000000","312.00","312.00","325.00","325.00","-100.000000","-100.0","0.000000","0.0","400.00","14.20","6.65","6.65","7.55","7.55","0.51","250.00","15.40","200.00","16.69","231.70","1.30","200.00","-0.30","-1.20","-1.07","-0.79","-3.00","1.53","144.07","-0.85","0.04","-0.63","0.10","-0.01","0.02","339.77","-1.0","1.01","-0.8","0.00","-0.0","0.02"
00:09:46,"9,604.77","-4,042.23","324.79",Off,"324.60","-91.7","10.000000","20.000000","104.000000","86.000000","-53.000000","27.000000","325.00","325.00","325.00","325.00","-100.000000","-100.0","0.000000","0.0","401.00","14.20","6.62","6.62","7.58","7.58","0.51","250.00","15.40","200.00","16.67","233.20","1.30","200.00","-0.31","-1.17","-1.04","-0.80","-3.02","1.53","142.83","-0.82","0.04","-0.63","0.10","0.00","-0.01","339.29","-0.8","1.01","1.6","0.00","-0.0","0.02"
00:09:47,"9,604.71","-4,043.53","323.26",Off,"323.10","-91.6","20.000000","20.000000","103.000000","86.000000","-45.000000","27.000000","312.00","312.00","325.00","325.00","-100.000000","-100.0","0.000000","0.0","403.00","14.20","6.65","6.65","7.55","7.55","0.51","250.00","15.40","200.00","16.65","234.80","1.30","200.00","-0.32","-1.15","-1.00","-0.81","-3.03","1.51","141.27","-0.79","0.05","-0.64","0.10","-0.02","-0.05","338.83","-0.6","1.07","3.4","0.00","0.0","-0.01"
00:09:48,"9,604.67","-4,044.80","321.74",Off,"321.50","-91.4","20.000000","30.000000","102.000000","86.000000","-37.000000","30.000000","325.00","325.00","325.00","325.00","-100.000000","-100.0","0.000000","0.0","404.00","14.20","6.65","6.66","7.55","7.54","0.51","250.00","15.40","200.00","16.60","236.30","1.30","200.00","-0.31","-1.12","-0.96","-0.80","-3.01","1.53","140.58","-0.76","0.05","-0.64","0.11","-0.02","0.02","338.39","-0.2","1.06","-2.7","0.00","0.0","-0.00"
00:09:49,"9,604.64","-4,046.03","320.21",Off,"320.00","-91.6","30.000000","30.000000","101.000000","86.000000","-29.000000","37.000000","325.00","325.00","325.00","325.00","-99.000000","-100.0","0.000000","0.0","405.00","14.20","6.65","6.66","7.55","7.54","0.51","250.00","15.40","200.00","16.57","237.80","1.30","200.00","-0.32","-1.09","-0.92","-0.80","-3.01","1.53","139.53","-0.73","0.06","-0.64","0.12","-0.01","0.01","337.98","-0.1","1.01","-3.5","0.00","-0.0","0.00"
00:09:50,"9,604.62","-4,047.23","318.68",Off,"318.50","-92.0","30.000000","30.000000","100.000000","85.000000","-21.000000","42.000000","312.00","312.00","325.00","325.00","-100.000000","-100.0","0.000000","0.0","406.00","14.20","6.62","6.63","7.58","7.57","0.51","250.00","15.40","200.00","16.54","239.40","1.30","200.00","-0.32","-1.06","-0.87","-0.80","-3.03","1.54","138.12","-0.70","0.06","-0.64","0.12","0.00","0.01","337.58","-0.3","0.97","-1.7","0.00","-0.1","0.03"
00:09:51,"9,604.59","-4,048.39","317.15",Off,"316.90","-92.4","30.000000","30.000000","100.000000","85.000000","-13.000000","43.000000","312.00","312.00","325.00","325.00","-100.000000","-100.0","0.000000","0.0","407.00","14.20","6.61","6.62","7.59","7.58","0.51","250.00","15.40","200.00","16.51","240.90","1.30","200.00","-0.34","-1.02","-0.82","-0.81","-3.04","1.54","136.38","-0.67","0.07","-0.64","0.11","-0.00","0.02","337.19","-0.5","0.97","1.9","0.00","-0.0","0.04"
00:09:52,"9,604.56","-4,049.53","315.61",Off,"315.40","-92.1","30.000000","30.000000","99.000000","84.000000","-8.000000","44.000000","325.00","325.00","325.00","325.00","-100.000000","-100.0","0.000000","0.0","409.00","14.20","6.63","6.63","7.57","7.57","0.51","250.00","15.40","200.00","16.47","242.50","1.30","200.00","-0.33","-0.99","-0.78","-0.79","-3.02","1.55","134.84","-0.63","0.08","-0.64","0.12","-0.02","-0.05","336.82","-0.2","0.99","-1.6","0.00","0.1","0.00"
00:09:53,"9,604.55","-4,050.61","314.07",Off,"313.90","-92.3","30.000000","30.000000","99.000000","84.000000","-4.000000","45.000000","325.00","325.00","325.00","325.00","-100.000000","-99.0","0.000000","0.0","410.00","14.20","6.67","6.67","7.53","7.53","0.51","250.00","15.40","200.00","16.43","244.10","1.30","200.00","-0.32","-0.95","-0.73","-0.78","-3.01","1.57","133.75","-0.60","0.08","-0.63","0.13","-0.03","-0.02","336.47","-0.2","0.94","-4.3","0.00","0.1","-0.03"
00:09:54,"9,604.52","-4,051.67","312.53",Off,"312.30","-92.3","30.000000","40.000000","98.000000","84.000000","0.000000","44.000000","325.00","325.00","325.00","325.00","-100.000000","-100.0","0.000000","0.0","411.00","14.20","6.70","6.70","7.50","7.50","0.51","250.00","15.40","200.00","16.40","245.70","1.30","200.00","-0.32","-0.92","-0.68","-0.78","-3.01","1.57","132.05","-0.56","0.09","-0.62","0.13","-0.03","-0.02","336.14","-0.2","0.89","-2.5","0.00","-0.0","-0.05"
00:09:55,"9,604.50","-4,052.68","311.00",Off,"310.80","-92.2","30.000000","40.000000","98.000000","83.000000","4.000000","50.000000","325.00","325.00","325.00","325.00","-100.000000","-100.0","0.000000","0.0","412.00","14.20","6.68","6.68","7.52","7.52","0.51","250.00","15.40","200.00","16.37","247.30","1.30","200.00","-0.33","-0.88","-0.63","-0.78","-3.01","1.57","130.09","-0.52","0.09","-0.62","0.12","-0.00","0.08","335.82","-0.1","0.87","0.2","0.00","-0.0","0.01"
00:09:56,"9,604.46","-4,053.67","309.46",Off,"309.30","-91.8","30.000000","40.000000","97.000000","83.000000","8.000000","56.000000","325.00","325.00","325.00","325.00","-100.000000","-100.0","0.000000","0.0","413.00","14.20","6.59","6.59","7.61","7.61","0.51","250.00","15.40","200.00","16.34","248.90","1.30","200.00","-0.33","-0.84","-0.58","-0.77","-2.99","1.56","127.79","-0.49","0.10","-0.62","0.12","0.03","0.05","335.52","0.1","0.91","2.4","0.00","0.1","0.06"
00:09:57,"9,604.42","-4,054.61","307.93",Off,"307.70","-91.6","30.000000","40.000000","97.000000","83.000000","14.000000","59.000000","325.00","325.00","325.00","325.00","-100.000000","-100.0","0.000000","0.0","414.00","14.20","6.61","6.61","7.59","7.59","0.51","250.00","15.40","200.00","16.30","250.50","1.30","200.00","-0.31","-0.80","-0.53","-0.74","-2.96","1.58","126.11","-0.45","0.10","-0.61","0.13","-0.01","-0.05","335.24","0.4","0.90","-3.3","0.00","0.1","0.02"
00:09:58,"9,604.37","-4,055.50","306.40",Off,"306.20","-92.0","30.000000","40.000000","96.000000","83.000000","20.000000","60.000000","325.00","325.00","325.00","325.00","-98.000000","-100.0","0.000000","0.0","415.00","14.20","6.66","6.67","7.54","7.53","0.51","250.00","15.40","200.00","16.25","252.10","1.30","200.00","-0.31","-0.76","-0.48","-0.73","-2.96","1.61","124.07","-0.41","0.11","-0.59","0.14","-0.04","-0.06","334.98","0.0","0.85","-3.5","0.00","-0.0","-0.04"
00:09:59,"9,604.32","-4,056.35","304.87",Off,"304.70","-92.5","30.000000","40.000000","95.000000","83.000000","27.000000","61.000000","325.00","325.00","325.00","325.00","-69.000000","-91.0","0.000000","0.0","415.00","14.20","6.70","6.70","7.50","7.50","0.51","250.00","15.40","200.00","16.21","253.70","1.30","200.00","-0.30","-0.71","-0.42","-0.71","-2.95","1.63","121.44","-0.37","0.12","-0.58","0.14","-0.03","0.02","334.72","-0.2","0.79","-3.2","0.00","-0.1","-0.05"
00:10:00,"9,604.24","-4,057.15","303.33",Off,"303.10","-91.9","30.000000","40.000000","95.000000","83.000000","34.000000","61.000000","325.00","325.00","325.00","325.00","-62.000000","-81.0","0.000000","0.0","416.00","14.20","6.66","6.66","7.54","7.54","0.51","250.00","15.40","200.00","16.18","255.30","1.30","200.00","-0.29","-0.66","-0.36","-0.70","-2.92","1.64","118.51","-0.32","0.13","-0.57","0.14","0.01","0.10","334.47","-0.1","0.76","-1.4","0.00","-0.0","0.02"
00:10:01,"9,604.14","-4,057.91","301.81",Off,"301.60","-90.8","30.000000","40.000000","93.000000","83.000000","40.000000","61.000000","325.00","325.00","325.00","325.00","-59.000000","-71.0","0.000000","0.0","417.00","14.20","6.59","6.59","7.61","7.61","0.51","250.00","15.40","200.00","16.15","257.00","1.30","200.00","-0.27","-0.61","-0.30","-0.67","-2.87","1.64","114.86","-0.28","0.14","-0.55","0.14","0.03","0.05","334.24","0.6","0.78","-1.3","0.00","0.1","0.07"
00:10:02,"9,604.04","-4,058.60","300.30",Off,"300.10","-90.4","30.000000","40.000000","92.000000","83.000000","43.000000","61.000000","325.00","325.00","325.00","325.00","-56.000000","-58.0","0.000000","0.0","418.00","14.20","6.61","6.61","7.59","7.59","0.51","250.00","15.40","200.00","16.08","258.60","1.30","200.00","-0.23","-0.56","-0.24","-0.62","-2.81","1.67","112.19","-0.23","0.15","-0.53","0.17","-0.01","-0.11","334.04","0.8","0.70","-7.6","0.00","0.0","-0.01"
00:10:03,"9,603.92","-4,059.23","298.80",Off,"298.60","-90.1","30.000000","40.000000","91.000000","83.000000","43.000000","61.000000","312.00","312.00","325.00","325.00","-54.000000","-54.0","0.000000","0.0","418.00","14.20","6.73","6.72","7.47","7.48","0.51","250.00","15.40","200.00","16.03","260.20","1.30","200.00","-0.21","-0.51","-0.18","-0.59","-2.77","1.70","108.43","-0.19","0.15","-0.50","0.18","-0.06","-0.03","333.86","0.7","0.57","-7.3","0.00","-0.1","-0.08"
00:10:04,"9,603.78","-4,059.81","297.30",Off,"297.10","-89.6","30.000000","40.000000","90.000000","83.000000","44.000000","61.000000","325.00","325.00","325.00","325.00","-53.000000","-53.0","0.000000","0.0","419.00","14.20","6.69","6.68","7.51","7.52","0.51","250.00","15.40","200.00","15.99","261.90","1.30","200.00","-0.19","-0.47","-0.12","-0.57","-2.73","1.71","103.90","-0.14","0.16","-0.47","0.17","0.00","0.11","333.69","0.7","0.47","-4.8","0.00","-0.1","-0.00"
00:10:05,"9,603.61","-4,060.35","295.81",Off,"295.60","-88.6","30.000000","40.000000","89.000000","83.000000","44.000000","61.000000","325.00","325.00","325.00","325.00","-48.000000","-50.0","0.000000","0.0","420.00","14.20","6.64","6.63","7.56","7.57","0.51","250.00","15.40","200.00","15.96","263.50","1.30","200.00","-0.19","-0.42","-0.06","-0.56","-2.70","1.69","98.82","-0.10","0.16","-0.45","0.17","0.02","0.00","333.53","1.0","0.43","2.7","0.00","0.1","0.01"
00:10:06,"9,603.41","-4,060.86","294.35",Off,"294.20","-87.0","30.000000","40.000000","88.000000","83.000000","44.000000","61.000000","325.00","325.00","325.00","325.00","-30.000000","-45.0","0.000000","0.0","420.00","14.20","6.66","6.65","7.54","7.55","0.51","250.00","15.40","200.00","15.94","265.10","1.30","200.00","-0.16","-0.38","-0.01","-0.52","-2.62","1.69","93.34","-0.06","0.16","-0.44","0.16","-0.01","-0.04","333.41","1.7","0.49","0.9","0.00","0.2","-0.02"
00:10:07,"9,603.20","-4,061.31","292.91",Off,"292.70","-86.2","30.000000","40.000000","87.000000","83.000000","44.000000","61.000000","312.00","312.00","325.00","325.00","0.000000","-34.0","0.000000","0.0","421.00","14.20","6.68","6.68","7.52","7.52","0.51","250.00","15.40","200.00","15.89","266.70","1.30","200.00","-0.13","-0.33","0.04","-0.48","-2.56","1.71","87.63","-0.01","0.16","-0.41","0.17","-0.01","0.02","333.31","1.7","0.48","-1.6","0.00","0.1","-0.02"
00:10:08,"9,602.97","-4,061.71","291.48",Off,"291.30","-85.5","30.000000","40.000000","87.000000","83.000000","44.000000","61.000000","4.00","4.00","325.00","325.00","0.000000","-24.0","0.000000","0.0","421.00","14.20","6.67","6.68","7.53","7.52","0.51","250.00","15.40","200.00","15.85","268.30","1.30","200.00","-0.10","-0.29","0.09","-0.44","-2.51","1.73","81.20","0.02","0.16","-0.38","0.18","-0.01","-0.02","333.23","1.5","0.45","-1.1","0.00","-0.0","-0.03"
00:10:09,"9,602.71","-4,062.06","290.06",Off,"289.90","-84.4","30.000000","40.000000","86.000000","83.000000","44.000000","61.000000","52.00","52.00","328.00","328.00","0.000000","-14.0","0.000000","0.0","421.00","14.20","6.67","6.68","7.53","7.52","0.51","250.00","15.40","200.00","15.82","269.80","1.30","200.00","-0.08","-0.25","0.14","-0.41","-2.45","1.74","74.22","0.06","0.16","-0.35","0.18","-0.00","0.03","333.16","1.6","0.44","-0.3","0.00","-0.1","-0.02"
00:10:10,"9,602.43","-4,062.38","288.66",Off,"288.50","-83.3","30.000000","40.000000","85.000000","83.000000","44.000000","61.000000","52.00","52.00","330.00","330.00","0.000000","-4.0","0.000000","0.0","422.00","14.20","6.69","6.69","7.51","7.51","0.51","250.00","15.40","200.00","15.79","271.40","1.30","200.00","-0.07","-0.22","0.18","-0.38","-2.40","1.73","66.98","0.10","0.16","-0.32","0.17","-0.01","-0.06","333.12","1.7","0.47","5.3","0.00","-0.1","-0.06"
00:10:11,"9,602.12","-4,062.66","287.29",Off,"287.10","-82.0","30.000000","40.000000","85.000000","83.000000","44.000000","61.000000","35.00","35.00","332.00","332.00","0.000000","0.0","0.000000","0.0","422.00","14.20","6.69","6.70","7.51","7.50","0.51","250.00","15.40","200.00","15.76","272.90","1.30","200.00","-0.02","-0.18","0.23","-0.33","-2.31","1.75","59.29","0.13","0.16","-0.30","0.17","-0.00","0.08","333.10","2.1","0.52","0.6","0.00","-0.0","-0.01"
00:10:12,"9,601.80","-4,062.88","285.93",Off,"285.70","-81.0","30.000000","40.000000","84.000000","83.000000","44.000000","61.000000","35.00","35.00","334.00","334.00","0.000000","0.0","0.000000","0.0","423.00","14.20","6.63","6.64","7.57","7.56","0.51","250.00","15.40","200.00","15.72","274.40","1.30","200.00","0.01","-0.15","0.27","-0.29","-2.24","1.77","50.30","0.17","0.15","-0.26","0.18","0.02","-0.01","333.09","1.5","0.51","-1.0","0.00","-0.0","0.00"
00:10:13,"9,601.45","-4,063.06","284.60",Off,"284.40","-78.0","30.000000","40.000000","84.000000","83.000000","44.000000","61.000000","35.00","35.00","336.00","336.00","0.000000","0.0","0.000000","0.0","423.00","14.20","6.66","6.66","7.54","7.54","0.51","250.00","15.40","200.00","15.69","275.90","1.30","200.00","0.04","-0.11","0.31","-0.25","-2.14","1.73","42.13","0.20","0.15","-0.23","0.18","-0.00","0.01","333.11","2.6","0.50","-0.6","0.00","-0.0","0.00"
00:10:14,"9,601.08","-4,063.21","283.34",Off,"283.20","-73.5","30.000000","40.000000","84.000000","83.000000","44.000000","61.000000","35.00","35.00","338.00","338.00","0.000000","0.0","0.000000","0.0","424.00","14.20","6.65","6.65","7.55","7.55","0.51","250.00","15.40","200.00","15.67","277.30","1.30","200.00","0.07","-0.08","0.35","-0.21","-1.99","1.65","34.62","0.23","0.15","-0.20","0.18","-0.00","-0.02","333.17","4.4","0.49","0.1","0.00","-0.0","-0.01"
00:10:15,"9,600.68","-4,063.32","282.15",Off,"282.00","-69.2","30.000000","40.000000","83.000000","83.000000","44.000000","61.000000","35.00","35.00","340.00","340.00","0.000000","0.0","0.000000","0.0","424.00","14.20","6.67","6.67","7.53","7.53","0.51","250.00","15.40","200.00","15.65","278.60","1.30","200.00","0.08","-0.05","0.38","-0.19","-1.86","1.57","28.14","0.26","0.15","-0.17","0.17","-0.01","-0.01","333.31","5.9","0.52","3.8","0.00","0.0","-0.02"
00:10:16,"9,600.25","-4,063.41","281.03",Off,"280.90","-65.4","30.000000","40.000000","83.000000","84.000000","44.000000","61.000000","337.00","337.00","342.00","342.00","0.000000","0.0","0.000000","0.0","424.00","14.20","6.68","6.68","7.52","7.52","0.51","250.00","15.40","200.00","15.63","279.90","1.30","200.00","0.12","-0.02","0.42","-0.15","-1.73","1.51","22.09","0.29","0.15","-0.15","0.16","-0.01","-0.01","333.51","6.3","0.56","1.9","0.00","0.0","-0.03"
00:10:17,"9,599.80","-4,063.46","279.96",Off,"279.80","-62.2","30.000000","40.000000","83.000000","84.000000","44.000000","61.000000","337.00","337.00","341.00","341.00","0.000000","0.0","0.000000","0.0","425.00","14.20","6.70","6.71","7.50","7.49","0.51","250.00","15.40","200.00","15.60","281.10","1.30","200.00","0.14","0.01","0.45","-0.11","-1.61","1.47","15.92","0.31","0.14","-0.12","0.16","-0.02","-0.02","333.75","6.2","0.58","1.0","0.00","0.0","-0.04"
00:10:18,"9,599.32","-4,063.47","278.95",Off,"278.80","-59.6","40.000000","40.000000","83.000000","84.000000","44.000000","61.000000","337.00","337.00","339.00","339.00","0.000000","0.0","0.000000","0.0","425.00","14.20","6.63","6.63","7.57","7.57","0.51","250.00","15.40","200.00","15.58","282.30","1.30","200.00","0.17","0.04","0.48","-0.07","-1.51","1.44","10.58","0.34","0.14","-0.09","0.16","0.03","0.07","334.04","5.7","0.60","0.4","0.00","-0.0","0.04"
00:10:19,"9,598.82","-4,063.45","277.97",Off,"277.80","-57.5","40.000000","40.000000","83.000000","84.000000","50.000000","61.000000","337.00","337.00","337.00","337.00","0.000000","0.0","0.000000","0.0","426.00","14.20","6.62","6.62","7.58","7.58","0.51","250.00","15.40","200.00","15.56","283.40","1.30","200.00","0.21","0.06","0.51","-0.03","-1.42","1.43","5.61","0.36","0.14","-0.06","0.16","0.01","-0.04","334.35","5.1","0.60","-0.3","0.00","-0.0","0.02"
00:10:20,"9,598.29","-4,063.39","277.03",Off,"276.90","-55.8","40.000000","40.000000","83.000000","84.000000","56.000000","61.000000","336.00","336.00","337.00","337.00","0.000000","0.0","0.000000","0.0","426.00","14.20","6.62","6.62","7.58","7.58","0.51","250.00","15.40","200.00","15.54","284.50","1.30","200.00","0.24","0.09","0.55","0.00","-1.34","1.42","1.20","0.39","0.14","-0.03","0.16","0.01","0.01","334.68","4.3","0.59","-0.0","0.00","-0.0","0.02"
00:10:21,"9,597.74","-4,063.30","276.11",Off,"276.00","-54.3","40.000000","40.000000","83.000000","84.000000","59.000000","61.000000","332.00","332.00","335.00","335.00","0.000000","0.0","0.000000","0.0","427.00","14.20","6.67","6.67","7.53","7.53","0.51","250.00","15.40","200.00","15.51","285.60","1.30","200.00","0.27","0.12","0.58","0.05","-1.27","1.43","356.97","0.41","0.14","-0.00","0.16","-0.02","-0.07","335.02","3.7","0.58","-1.7","0.00","-0.0","-0.04"
00:10:22,"9,597.15","-4,063.17","275.22",Off,"275.10","-53.3","40.000000","40.000000","83.000000","84.000000","60.000000","61.000000","332.00","332.00","332.00","332.00","0.000000","0.0","0.000000","0.0","427.00","14.20","6.69","6.69","7.51","7.51","0.51","250.00","15.40","200.00","15.49","286.60","1.30","200.00","0.31","0.15","0.61","0.09","-1.20","1.45","353.01","0.44","0.14","0.03","0.16","-0.01","0.06","335.37","3.0","0.54","-2.6","0.00","-0.0","-0.01"
00:10:23,"9,596.53","-4,063.01","274.33",Off,"274.20","-52.6","40.000000","40.000000","83.000000","84.000000","61.000000","61.000000","332.00","332.00","332.00","332.00","0.000000","0.0","0.000000","0.0","428.00","14.20","6.61","6.60","7.59","7.60","0.51","250.00","15.40","200.00","15.47","287.70","1.30","200.00","0.34","0.18","0.64","0.13","-1.14","1.47","349.60","0.46","0.14","0.06","0.16","0.04","0.07","335.72","2.4","0.50","-2.9","0.00","0.0","0.05"
00:10:24,"9,595.88","-4,062.81","273.46",Off,"273.30","-52.0","40.000000","40.000000","84.000000","84.000000","61.000000","61.000000","332.00","332.00","332.00","332.00","0.000000","0.0","0.000000","0.0","429.00","14.20","6.62","6.62","7.58","7.58","0.51","250.00","15.40","200.00","15.45","288.70","1.30","200.00","0.37","0.21","0.68","0.17","-1.09","1.49","346.73","0.49","0.14","0.10","0.16","0.00","-0.06","336.06","1.9","0.45","-2.3","0.00","0.0","0.01"
00:10:25,"9,595.20","-4,062.59","272.60",Off,"272.50","-51.5","40.000000","40.000000","84.000000","84.000000","61.000000","61.000000","332.00","332.00","332.00","332.00","0.000000","0.0","0.000000","0.0","429.00","14.20","6.63","6.63","7.57","7.57","0.51","250.00","15.40","200.00","15.43","289.70","1.30","200.00","0.40","0.23","0.71","0.21","-1.04","1.52","344.34","0.51","0.14","0.13","0.16","-0.00","0.01","336.39","1.5","0.43","-0.8","0.00","0.1","0.02"
00:10:26,"9,594.49","-4,062.33","271.74",Off,"271.60","-51.1","40.000000","40.000000","84.000000","84.000000","61.000000","61.000000","332.00","332.00","332.00","332.00","0.000000","0.0","0.000000","0.0","430.00","14.20","6.64","6.64","7.56","7.56","0.51","250.00","15.40","200.00","15.42","290.70","1.30","200.00","0.44","0.26","0.73","0.25","-0.99","1.55","342.08","0.53","0.14","0.16","0.16","-0.00","-0.01","336.72","1.2","0.42","-0.8","0.00","0.0","0.01"
00:10:27,"9,593.75","-4,062.04","270.90",Off,"270.80","-50.6","40.000000","40.000000","84.000000","84.000000","61.000000","61.000000","332.00","332.00","332.00","332.00","0.000000","0.0","0.000000","0.0","431.00","14.20","6.63","6.63","7.57","7.57","0.51","250.00","15.40","200.00","15.40","291.70","1.30","200.00","0.47","0.28","0.76","0.29","-0.93","1.58","339.92","0.55","0.14","0.19","0.16","0.00","0.02","337.03","1.0","0.40","-0.9","0.00","0.0","0.02"
00:10:28,"9,592.98","-4,061.73","270.05",Off,"269.90","-50.6","40.000000","40.000000","84.000000","84.000000","61.000000","61.000000","332.00","332.00","332.00","332.00","0.000000","0.0","0.000000","0.0","432.00","14.20","6.63","6.63","7.57","7.57","0.51","250.00","15.40","200.00","15.39","292.70","1.30","200.00","0.50","0.31","0.79","0.33","-0.89","1.61","337.95","0.57","0.14","0.22","0.15","-0.00","-0.05","337.34","0.8","0.40","0.2","0.00","0.0","-0.00"
00:10:29,"9,592.18","-4,061.38","269.21",Off,"269.10","-50.3","40.000000","40.000000","84.000000","84.000000","61.000000","61.000000","332.00","332.00","332.00","332.00","0.000000","0.0","0.000000","0.0","433.00","14.20","6.67","6.67","7.53","7.53","0.51","250.00","15.40","200.00","15.38","293.70","1.30","200.00","0.54","0.33","0.81","0.37","-0.85","1.65","336.30","0.60","0.14","0.25","0.15","-0.02","0.01","337.63","0.6","0.42","1.4","0.00","-0.0","-0.00"
00:10:30,"9,591.34","-4,061.01","268.37",Off,"268.20","-50.1","40.000000","40.000000","84.000000","84.000000","61.000000","61.000000","332.00","332.00","332.00","332.00","0.000000","0.0","0.000000","0.0","434.00","14.20","6.60","6.61","7.60","7.59","0.51","250.00","15.40","200.00","15.36","294.70","1.30","200.00","0.57","0.35","0.84","0.41","-0.81","1.68","334.76","0.61","0.14","0.28","0.15","0.03","0.04","337.91","0.5","0.45","2.2","0.00","0.0","0.05"
00:10:31,"9,590.48","-4,060.62","267.54",Off,"267.40","-49.9","40.000000","40.000000","84.000000","84.000000","61.000000","61.000000","332.00","332.00","332.00","332.00","0.000000","0.0","0.000000","0.0","434.00","14.20","6.64","6.65","7.56","7.55","0.51","250.00","15.40","200.00","15.35","295.70","1.30","200.00","0.60","0.38","0.86","0.45","-0.76","1.72","333.22","0.63","0.14","0.31","0.15","-0.01","-0.12","338.19","0.5","0.48","2.0","0.00","0.0","-0.04"
00:10:32,"9,589.58","-4,060.19","266.71",Off,"266.60","-49.8","40.000000","40.000000","84.000000","84.000000","61.000000","61.000000","354.00","354.00","332.00","332.00","0.000000","0.0","0.000000","0.0","435.00","14.20","6.71","6.72","7.49","7.48","0.51","250.00","15.40","200.00","15.34","296.70","1.30","200.00","0.63","0.40","0.88","0.49","-0.72","1.75","331.71","0.65","0.14","0.34","0.15","-0.03","0.03","338.45","0.4","0.51","1.6","0.00","0.0","-0.05"
00:10:33,"9,588.66","-4,059.75","265.88",Off,"265.70","-49.6","40.000000","40.000000","84.000000","84.000000","61.000000","61.000000","0.00","0.00","333.00","333.00","0.000000","0.0","0.000000","0.0","436.00","14.20","6.66","6.67","7.54","7.53","0.51","250.00","15.40","200.00","15.33","297.60","1.30","200.00","0.67","0.42","0.91","0.53","-0.67","1.79","330.34","0.67","0.13","0.37","0.14","0.01","0.05","338.70","0.4","0.54","1.8","0.00","-0.0","0.00"
00:10:34,"9,587.70","-4,059.28","265.06",On,"265.10","-49.1","40.000000","40.000000","84.000000","84.000000","61.000000","61.000000","0.00","0.00","336.00","336.00","0.000000","0.0","0.000000","0.0","438.00","14.20","6.63","6.64","7.57","7.56","0.51","250.00","15.40","200.00","15.32","298.60","1.30","200.00","0.69","0.43","0.93","0.56","-0.63","1.81","329.25","0.69","0.13","0.40","0.14","0.02","0.02","338.95","0.5","0.58","2.9","0.00","-0.0","0.03"
00:10:35,"9,586.71","-4,058.79","264.24",Off,"264.10","-48.5","40.000000","40.000000","84.000000","84.000000","61.000000","61.000000","0.00","0.00","338.00","338.00","0.000000","0.0","0.000000","0.0","439.00","14.20","6.61","6.61","7.59","7.59","0.51","250.00","15.40","200.00","15.32","299.50","1.30","200.00","0.72","0.45","0.95","0.59","-0.58","1.83","328.23","0.70","0.13","0.43","0.13","0.02","-0.02","339.19","0.7","0.63","3.1","0.00","0.0","0.02"
00:10:36,"9,585.70","-4,058.29","263.44",Off,"263.30","-47.6","40.000000","40.000000","84.000000","84.000000","61.000000","61.000000","0.00","0.00","340.00","340.00","0.000000","0.0","0.000000","0.0","440.00","14.20","6.68","6.68","7.52","7.52","0.51","250.00","15.40","200.00","15.31","300.50","1.30","200.00","0.75","0.47","0.97","0.63","-0.52","1.84","327.33","0.72","0.13","0.46","0.13","-0.03","-0.09","339.42","1.0","0.69","3.3","0.00","0.0","-0.06"
00:10:37,"9,584.65","-4,057.76","262.66",Off,"262.50","-46.6","40.000000","40.000000","85.000000","84.000000","61.000000","61.000000","0.00","0.00","342.00","342.00","0.000000","0.0","0.000000","0.0","441.00","14.20","6.72","6.73","7.48","7.47","0.51","250.00","15.40","200.00","15.31","301.40","1.30","200.00","0.77","0.49","0.98","0.66","-0.47","1.84","326.49","0.73","0.13","0.48","0.12","-0.02","0.03","339.67","1.2","0.74","3.3","0.00","0.0","-0.06"
00:10:38,"9,583.58","-4,057.23","261.89",Off,"261.80","-45.5","40.000000","40.000000","85.000000","84.000000","61.000000","61.000000","0.00","0.00","344.00","344.00","0.000000","0.0","0.000000","0.0","442.00","14.20","6.68","6.69","7.52","7.51","0.51","250.00","15.40","200.00","15.31","302.30","1.30","200.00","0.79","0.50","1.00","0.69","-0.41","1.84","325.86","0.75","0.13","0.51","0.11","0.02","0.06","339.91","1.5","0.80","3.7","0.00","-0.1","-0.00"
00:10:39,"9,582.47","-4,056.69","261.14",Off,"261.00","-44.1","40.000000","40.000000","85.000000","84.000000","61.000000","61.000000","0.00","0.00","346.00","346.00","0.000000","0.0","0.000000","0.0","443.00","14.20","6.60","6.61","7.60","7.59","0.51","250.00","15.40","200.00","15.32","303.10","1.30","200.00","0.81","0.52","1.02","0.71","-0.36","1.83","325.33","0.76","0.13","0.53","0.11","0.05","0.06","340.16","1.8","0.88","4.5","0.00","-0.0","0.06"
00:10:40,"9,581.34","-4,056.14","260.42",Off,"260.30","-42.8","40.000000","40.000000","85.000000","84.000000","61.000000","61.000000","0.00","0.00","348.00","348.00","0.000000","0.0","0.000000","0.0","445.00","14.20","6.60","6.61","7.60","7.59","0.51","250.00","15.40","200.00","15.32","304.00","1.30","200.00","0.83","0.54","1.04","0.74","-0.30","1.83","324.79","0.77","0.13","0.55","0.10","0.02","-0.06","340.42","2.1","0.95","4.5","0.00","-0.1","0.02"
00:10:41,"9,580.18","-4,055.58","259.72",Off,"259.60","-41.1","40.000000","40.000000","85.000000","84.000000","61.000000","61.000000","0.00","0.00","350.00","350.00","0.000000","0.0","0.000000","0.0","446.00","14.20","6.65","6.66","7.55","7.54","0.51","250.00","15.40","200.00","15.33","304.80","1.30","200.00","0.85","0.55","1.06","0.76","-0.23","1.81","324.28","0.79","0.13","0.57","0.10","-0.01","-0.03","340.70","2.3","1.01","3.4","0.00","0.0","-0.02"
00:10:42,"9,578.99","-4,055.02","259.05",Off,"258.90","-39.4","40.000000","40.000000","85.000000","84.000000","61.000000","61.000000","0.00","0.00","352.00","352.00","0.000000","0.0","0.000000","0.0","447.00","14.20","6.68","6.69","7.52","7.51","0.51","250.00","15.40","200.00","15.33","305.60","1.30","200.00","0.86","0.57","1.07","0.78","-0.17","1.79","323.97","0.80","0.12","0.59","0.09","-0.01","0.03","340.98","2.6","1.06","3.4","0.00","-0.0","-0.01"
00:10:43,"9,577.77","-4,054.45","258.41",Off,"258.30","-37.5","40.000000","40.000000","85.000000","84.000000","61.000000","61.000000","0.00","0.00","354.00","354.00","0.000000","0.0","0.000000","0.0","448.00","14.20","6.59","6.60","7.61","7.60","0.51","250.00","15.40","200.00","15.34","306.30","1.30","200.00","0.88","0.59","1.09","0.80","-0.11","1.75","323.81","0.82","0.12","0.61","0.08","0.05","0.08","341.28","2.8","1.13","4.2","0.00","-0.1","0.07"
00:10:44,"9,576.53","-4,053.89","257.80",Off,"257.70","-35.5","40.000000","40.000000","85.000000","84.000000","61.000000","61.000000","0.00","0.00","357.00","357.00","0.000000","0.0","0.000000","0.0","450.00","14.20","6.60","6.60","7.60","7.60","0.51","250.00","15.40","200.00","15.36","307.10","1.30","200.00","0.89","0.61","1.11","0.82","-0.04","1.72","323.68","0.83","0.12","0.62","0.07","0.02","-0.09","341.59","3.0","1.20","3.9","0.00","-0.0","0.03"
00:10:45,"9,575.25","-4,053.32","257.23",Off,"257.10","-33.5","40.000000","40.000000","85.000000","84.000000","61.000000","61.000000","0.00","0.00","359.00","359.00","0.000000","0.0","0.000000","0.0","451.00","14.20","6.64","6.65","7.56","7.55","0.51","250.00","15.40","200.00","15.37","307.70","1.30","200.00","0.90","0.62","1.13","0.83","0.03","1.68","323.59","0.84","0.13","0.63","0.06","-0.01","-0.01","341.92","3.3","1.26","3.4","0.00","-0.0","0.00"
00:10:46,"9,573.95","-4,052.76","256.69",Off,"256.60","-31.1","40.000000","40.000000","85.000000","84.000000","61.000000","61.000000","0.00","0.00","0.00","0.00","0.000000","0.0","0.000000","0.0","453.00","14.20","6.63","6.64","7.57","7.56","0.51","250.00","15.40","200.00","15.38","308.40","1.30","200.00","0.91","0.64","1.15","0.85","0.10","1.64","323.53","0.86","0.13","0.65","0.06","0.01","0.02","342.27","3.6","1.30","2.5","0.00","0.0","0.01"
00:10:47,"9,572.62","-4,052.20","256.19",Off,"256.10","-29.0","40.000000","40.000000","85.000000","84.000000","61.000000","61.000000","0.00","0.00","0.00","0.00","0.000000","0.0","0.000000","0.0","454.00","14.20","6.65","6.66","7.55","7.54","0.51","250.00","15.40","200.00","15.40","309.00","1.30","200.00","0.91","0.66","1.17","0.86","0.16","1.59","323.66","0.87","0.13","0.66","0.05","0.01","-0.01","342.64","3.7","1.35","3.1","0.00","-0.1","0.01"
00:10:48,"9,571.27","-4,051.65","255.72",Off,"255.60","-26.9","40.000000","40.000000","85.000000","84.000000","61.000000","61.000000","0.00","0.00","0.00","0.00","0.000000","0.0","0.000000","0.0","456.00","14.20","6.60","6.61","7.60","7.59","0.51","250.00","15.40","200.00","15.42","309.50","1.30","200.00","0.92","0.68","1.19","0.87","0.22","1.55","323.81","0.89","0.13","0.67","0.04","0.04","0.03","343.03","3.7","1.40","2.7","0.00","-0.0","0.05"
00:10:49,"9,569.88","-4,051.10","255.29",Off,"255.20","-25.0","40.000000","40.000000","85.000000","84.000000","61.000000","61.000000","0.00","0.00","0.00","0.00","0.000000","0.0","0.000000","0.0","457.00","14.20","6.61","6.61","7.59","7.59","0.51","250.00","15.40","200.00","15.43","310.10","1.30","200.00","0.93","0.71","1.21","0.88","0.28","1.52","323.92","0.91","0.13","0.67","0.04","0.02","-0.03","343.43","3.6","1.43","1.9","0.00","-0.0","0.03"
00:10:50,"9,568.47","-4,050.56","254.89",Off,"254.80","-23.1","40.000000","40.000000","85.000000","84.000000","61.000000","61.000000","0.00","0.00","0.00","0.00","0.000000","0.0","0.000000","0.0","458.00","14.20","6.63","6.63","7.57","7.57","0.51","250.00","15.40","200.00","15.45","310.60","1.30","200.00","0.94","0.73","1.24","0.90","0.34","1.48","324.04","0.92","0.13","0.68","0.03","0.01","-0.01","343.84","3.5","1.45","-0.1","0.00","0.1","0.01"
00:10:51,"9,567.03","-4,050.02","254.52",Off,"254.40","-21.3","40.000000","40.000000","85.000000","84.000000","61.000000","61.000000","0.00","0.00","0.00","0.00","0.000000","0.0","0.000000","0.0","460.00","14.20","6.66","6.67","7.54","7.53","0.51","250.00","15.40","200.00","15.46","311.10","1.30","200.00","0.94","0.75","1.26","0.90","0.39","1.45","324.18","0.94","0.13","0.69","0.03","-0.00","-0.03","344.26","3.4","1.45","0.3","0.00","0.0","-0.02"
00:10:52,"9,565.56","-4,049.49","254.18",Off,"254.10","-19.7","40.000000","40.000000","85.000000","84.000000","61.000000","61.000000","0.00","0.00","0.00","0.00","0.000000","0.0","0.000000","0.0","462.00","14.20","6.62","6.63","7.58","7.57","0.51","250.00","15.40","200.00","15.49","311.50","1.30","200.00","0.94","0.77","1.28","0.91","0.43","1.41","324.58","0.96","0.13","0.70","0.02","0.03","0.09","344.68","3.2","1.46","1.2","0.00","-0.1","0.05"
00:10:53,"9,564.07","-4,048.97","253.87",Off,"253.80","-18.0","40.000000","40.000000","85.000000","84.000000","61.000000","61.000000","0.00","0.00","0.00","0.00","0.000000","0.0","0.000000","0.0","463.00","14.20","6.59","6.60","7.61","7.60","0.51","250.00","15.40","200.00","15.51","311.90","1.30","200.00","0.95","0.79","1.30","0.91","0.48","1.37","324.90","0.98","0.13","0.70","0.02","0.03","-0.04","345.12","3.1","1.48","1.4","0.00","-0.1","0.03"
00:10:54,"9,562.55","-4,048.46","253.58",Off,"253.50","-16.5","40.000000","40.000000","85.000000","84.000000","61.000000","61.000000","0.00","0.00","0.00","0.00","0.000000","0.0","0.000000","0.0","465.00","14.20","6.67","6.67","7.53","7.53","0.51","250.00","15.40","200.00","15.53","312.20","1.30","200.00","0.95","0.82","1.33","0.92","0.52","1.34","325.21","0.99","0.13","0.71","0.02","-0.01","-0.09","345.56","3.0","1.50","0.6","0.00","0.0","-0.04"
00:10:55,"9,561.00","-4,047.96","253.31",Off,"253.20","-15.1","40.000000","40.000000","85.000000","84.000000","61.000000","61.000000","0.00","0.00","0.00","0.00","0.000000","0.0","0.000000","0.0","466.00","14.20","6.70","6.70","7.50","7.50","0.51","250.00","15.40","200.00","15.55","312.60","1.30","200.00","0.96","0.85","1.35","0.93","0.56","1.31","325.51","1.01","0.13","0.71","0.01","-0.01","0.02","346.00","2.8","1.49","-1.2","0.00","0.1","-0.04"
00:10:56,"9,559.42","-4,047.46","253.08",Off,"253.00","-13.7","40.000000","40.000000","85.000000","84.000000","61.000000","61.000000","0.00","0.00","0.00","0.00","0.000000","0.0","0.000000","0.0","468.00","14.20","6.63","6.64","7.57","7.56","0.51","250.00","15.40","200.00","15.57","312.90","1.30","200.00","0.95","0.87","1.38","0.92","0.59","1.27","325.91","1.03","0.13","0.72","0.01","0.04","0.10","346.44","2.7","1.49","0.9","0.00","-0.0","0.05"
00:10:57,"9,557.82","-4,046.99","252.86",Off,"252.80","-12.4","40.000000","40.000000","85.000000","84.000000","61.000000","61.000000","0.00","0.00","0.00","0.00","0.000000","0.0","0.000000","0.0","470.00","14.20","6.58","6.59","7.62","7.61","0.51","250.00","15.40","200.00","15.59","313.20","1.30","200.00","0.95","0.89","1.40","0.92","0.62","1.24","326.48","1.05","0.13","0.72","0.00","0.05","-0.04","346.89","2.6","1.52","2.5","0.00","-0.1","0.03"
00:10:58,"9,556.19","-4,046.53","252.66",Off,"252.60","-11.2","40.000000","40.000000","85.000000","84.000000","61.000000","61.000000","0.00","0.00","0.00","0.00","0.000000","0.0","0.000000","0.0","471.00","14.20","6.71","6.71","7.49","7.49","0.51","250.00","15.40","200.00","15.61","313.50","1.30","200.00","0.95","0.92","1.43","0.93","0.66","1.21","326.91","1.07","0.14","0.72","0.00","-0.03","-0.12","347.33","2.4","1.54","1.6","0.00","-0.0","-0.10"
00:10:59,"9,554.54","-4,046.07","252.48",Off,"252.40","-10.0","40.000000","40.000000","85.000000","84.000000","61.000000","61.000000","0.00","0.00","0.00","0.00","0.000000","0.0","0.000000","0.0","473.00","14.20","6.74","6.74","7.46","7.46","0.51","250.00","15.40","200.00","15.64","313.70","1.30","200.00","0.95","0.95","1.46","0.93","0.68","1.18","327.33","1.09","0.14","0.72","-0.01","-0.01","0.10","347.77","2.3","1.57","1.4","0.00","-0.0","-0.04"
00:11:00,"9,552.86","-4,045.63","252.33",Off,"252.30","-9.1","40.000000","40.000000","85.000000","84.000000","61.000000","61.000000","0.00","0.00","0.00","0.00","0.000000","0.0","0.000000","0.0","475.00","14.20","6.62","6.63","7.58","7.57","0.51","250.00","15.40","200.00","15.66","314.00","1.30","200.00","0.95","0.97","1.48","0.93","0.71","1.16","327.74","1.11","0.14","0.72","-0.01","0.06","0.06","348.21","2.1","1.58","0.1","0.00","0.1","0.04"
00:11:01,"9,551.15","-4,045.20","252.18",Off,"252.10","-8.1","50.000000","50.000000","85.000000","84.000000","61.000000","61.000000","0.00","0.00","0.00","0.00","0.000000","0.0","0.000000","0.0","477.00","14.20","6.64","6.65","7.56","7.55","0.51","250.00","15.40","200.00","15.68","314.20","1.30","200.00","0.95","1.00","1.51","0.93","0.73","1.13","328.26","1.13","0.14","0.72","-0.01","0.02","-0.08","348.64","1.9","1.59","1.5","0.00","-0.0","-0.02"
00:11:02,"9,549.41","-4,044.79","252.05",Off,"252.00","-7.2","50.000000","50.000000","85.000000","85.000000","68.000000","66.000000","316.00","316.00","0.00","0.00","0.000000","0.0","0.000000","0.0","478.00","14.20","6.66","6.67","7.54","7.53","0.51","250.00","15.40","200.00","15.71","314.40","1.30","200.00","0.94","1.03","1.54","0.92","0.75","1.11","328.82","1.15","0.14","0.72","-0.01","0.01","0.04","349.06","1.8","1.62","1.8","0.00","-0.0","-0.02"
00:11:03,"9,547.64","-4,044.40","251.94",Off,"251.90","-6.4","60.000000","50.000000","85.000000","85.000000","74.000000","72.000000","316.00","316.00","0.00","0.00","0.000000","0.0","0.000000","0.0","480.00","14.20","6.68","6.69","7.52","7.51","0.51","250.00","15.40","200.00","15.74","314.60","1.30","200.00","0.94","1.07","1.57","0.92","0.77","1.09","329.39","1.18","0.14","0.72","-0.01","0.01","-0.00","349.48","1.7","1.65","1.3","0.00","-0.0","-0.03"
00:11:04,"9,545.84","-4,044.02","251.84",Off,"251.80","-5.7","60.000000","50.000000","86.000000","86.000000","81.000000","76.000000","316.00","316.00","0.00","0.00","0.000000","0.0","0.000000","0.0","482.00","14.20","6.67","6.67","7.53","7.53","0.51","250.00","15.40","200.00","15.77","314.80","1.30","200.00","0.94","1.11","1.62","0.92","0.78","1.07","330.05","1.20","0.15","0.71","-0.02","0.02","0.03","349.89","1.5","1.67","1.4","0.00","0.0","0.00"
00:11:05,"9,544.00","-4,043.66","251.75",Off,"251.70","-5.1","60.000000","60.000000","88.000000","87.000000","87.000000","79.000000","316.00","316.00","0.00","0.00","0.000000","0.0","0.000000","0.0","484.00","14.20","6.61","6.62","7.59","7.58","0.51","250.00","15.40","200.00","15.80","315.00","1.30","200.00","0.93","1.15","1.66","0.92","0.79","1.05","330.79","1.23","0.16","0.71","-0.02","0.05","0.04","350.29","1.4","1.69","0.9","0.00","0.0","0.04"
00:11:06,"9,542.11","-4,043.32","251.67",Off,"251.60","-4.5","60.000000","60.000000","89.000000","88.000000","92.000000","86.000000","316.00","316.00","0.00","0.00","0.000000","0.0","0.000000","0.0","486.00","14.20","6.65","6.66","7.55","7.54","0.51","250.00","15.40","200.00","15.85","315.20","1.30","200.00","0.92","1.20","1.71","0.91","0.80","1.02","331.69","1.27","0.18","0.71","-0.02","0.01","-0.08","350.69","1.3","1.72","2.1","0.00","-0.0","-0.03"
00:11:07,"9,540.17","-4,043.01","251.60",Off,"251.50","-4.0","60.000000","60.000000","89.000000","89.000000","94.000000","92.000000","316.00","316.00","0.00","0.00","0.000000","0.0","0.000000","0.0","488.00","14.20","6.67","6.68","7.53","7.52","0.51","250.00","15.40","200.00","15.89","315.40","1.30","200.00","0.92","1.26","1.77","0.90","0.81","1.00","332.61","1.30","0.19","0.70","-0.03","0.01","0.05","351.07","1.2","1.75","1.8","0.00","0.0","0.00"
00:11:08,"9,538.18","-4,042.72","251.54",Off,"251.50","-3.5","60.000000","60.000000","89.000000","90.000000","95.000000","94.000000","316.00","316.00","0.00","0.00","0.000000","0.0","0.000000","0.0","490.00","14.20","6.61","6.62","7.59","7.58","0.51","250.00","15.40","200.00","15.94","315.60","1.30","200.00","0.91","1.32","1.83","0.90","0.81","0.99","333.50","1.35","0.21","0.70","-0.03","0.05","0.04","351.44","1.0","1.78","1.7","0.00","0.0","0.04"
00:11:09,"9,536.13","-4,042.47","251.48",Off,"251.40","-3.1","60.000000","60.000000","89.000000","89.000000","95.000000","95.000000","316.00","316.00","0.00","0.00","0.000000","0.0","0.000000","0.0","492.00","14.20","6.61","6.62","7.59","7.58","0.51","250.00","15.40","200.00","15.99","315.70","1.30","200.00","0.90","1.38","1.89","0.89","0.81","0.97","334.48","1.39","0.22","0.69","-0.03","0.03","-0.04","351.80","0.9","1.82","2.0","0.00","0.0","0.00"
00:11:10,"9,534.03","-4,042.24","251.43",Off,"251.40","-2.8","60.000000","60.000000","89.000000","89.000000","95.000000","95.000000","316.00","316.00","0.00","0.00","0.000000","0.0","0.000000","0.0","494.00","14.20","6.70","6.71","7.50","7.49","0.51","250.00","15.40","200.00","16.04","315.90","1.30","200.00","0.89","1.44","1.95","0.88","0.81","0.95","335.32","1.44","0.24","0.69","-0.03","-0.02","-0.04","352.15","0.8","1.85","2.4","0.00","0.0","-0.05"
00:11:11,"9,531.87","-4,042.04","251.39",Off,"251.30","-2.5","60.000000","60.000000","89.000000","89.000000","95.000000","95.000000","316.00","316.00","0.00","0.00","0.000000","0.0","0.000000","0.0","496.00","14.20","6.66","6.67","7.54","7.53","0.51","250.00","15.40","200.00","16.09","316.10","1.30","200.00","0.88","1.50","2.01","0.87","0.81","0.93","336.30","1.48","0.25","0.68","-0.04","0.03","0.05","352.49","0.7","1.90","3.5","0.00","-0.1","0.00"
00:11:12,"9,529.66","-4,041.88","251.35",Off,"251.30","-2.2","60.000000","60.000000","89.000000","89.000000","95.000000","95.000000","316.00","316.00","0.00","0.00","0.000000","0.0","0.000000","0.0","498.00","14.20","6.65","6.66","7.55","7.54","0.51","250.00","15.40","200.00","16.15","316.20","1.30","200.00","0.87","1.56","2.07","0.86","0.80","0.91","337.13","1.53","0.25","0.67","-0.04","0.03","-0.05","352.82","0.6","1.94","2.9","0.00","-0.0","-0.03"
00:11:13,"9,527.40","-4,041.74","251.32",Off,"251.30","-2.0","60.000000","60.000000","89.000000","89.000000","95.000000","95.000000","316.00","316.00","0.00","0.00","0.000000","0.0","0.000000","0.0","500.00","14.20","6.73","6.74","7.47","7.46","0.51","250.00","15.40","200.00","16.20","316.40","1.30","200.00","0.86","1.62","2.13","0.85","0.80","0.90","338.00","1.58","0.26","0.67","-0.04","-0.01","-0.04","353.13","0.5","2.00","3.5","0.00","-0.0","-0.07"
00:11:14,"9,525.09","-4,041.63","251.28",Off,"251.20","-2.0","60.000000","60.000000","89.000000","89.000000","95.000000","95.000000","316.00","316.00","0.00","0.00","0.000000","0.0","0.000000","0.0","503.00","14.20","6.65","6.66","7.55","7.54","0.51","250.00","15.40","200.00","16.25","316.50","1.30","200.00","0.86","1.68","2.19","0.84","0.80","0.89","338.68","1.62","0.26","0.66","-0.05","0.05","0.09","353.44","0.4","2.03","0.6","0.00","0.1","0.02"
00:11:15,"9,522.72","-4,041.55","251.25",Off,"251.20","-2.0","60.000000","60.000000","89.000000","89.000000","95.000000","95.000000","316.00","316.00","0.00","0.00","0.000000","0.0","0.000000","0.0","505.00","14.20","6.66","6.67","7.54","7.53","0.51","250.00","15.40","200.00","16.30","316.70","1.30","200.00","0.84","1.74","2.25","0.83","0.78","0.88","339.40","1.67","0.27","0.65","-0.04","0.02","-0.10","353.73","0.3","2.05","1.4","0.00","0.0","-0.06"
00:11:16,"9,520.30","-4,041.50","251.22",Off,"251.20","-2.0","60.000000","60.000000","89.000000","90.000000","95.000000","95.000000","316.00","316.00","0.00","0.00","0.000000","0.0","0.000000","0.0","508.00","14.20","6.72","6.73","7.48","7.47","0.51","250.00","15.40","200.00","16.35","316.80","1.30","200.00","0.83","1.80","2.31","0.82","0.77","0.87","340.13","1.71","0.27","0.65","-0.05","-0.00","0.03","354.00","0.1","2.07","1.3","0.00","-0.0","-0.06"
00:11:17,"9,517.83","-4,041.48","251.18",Off,"251.10","-2.2","60.000000","60.000000","89.000000","90.000000","95.000000","95.000000","316.00","316.00","0.00","0.00","0.000000","0.0","0.000000","0.0","510.00","14.20","6.65","6.67","7.55","7.53","0.51","250.00","15.40","200.00","16.40","317.00","1.30","200.00","0.82","1.85","2.36","0.81","0.76","0.87","340.82","1.76","0.27","0.64","-0.05","0.05","0.10","354.26","-0.0","2.09","1.3","0.00","-0.1","0.02"
00:11:18,"9,515.30","-4,041.49","251.14",Off,"251.10","-2.4","60.000000","60.000000","89.000000","90.000000","95.000000","95.000000","316.00","316.00","0.00","0.00","0.000000","0.0","0.000000","0.0","512.00","14.20","6.63","6.64","7.57","7.56","0.51","250.00","15.40","200.00","16.45","317.10","1.30","200.00","0.81","1.91","2.42","0.80","0.75","0.86","341.43","1.80","0.27","0.63","-0.05","0.04","-0.06","354.50","-0.1","2.11","0.5","0.00","-0.0","-0.01"
00:11:19,"9,512.73","-4,041.53","251.10",Off,"251.00","-2.6","60.000000","60.000000","90.000000","90.000000","95.000000","95.000000","316.00","316.00","0.00","0.00","0.000000","0.0","0.000000","0.0","515.00","14.20","6.67","6.68","7.53","7.52","0.51","250.00","15.40","200.00","16.50","317.30","1.30","200.00","0.81","1.97","2.48","0.80","0.73","0.86","341.92","1.85","0.27","0.62","-0.04","0.01","0.01","354.73","-0.2","2.09","-1.1","0.00","0.1","-0.02"
00:11:20,"9,510.10","-4,041.59","251.06",Off,"251.00","-2.8","60.000000","60.000000","90.000000","90.000000","95.000000","95.000000","316.00","316.00","0.00","0.00","0.000000","0.0","0.000000","0.0","518.00","14.20","6.63","6.65","7.57","7.55","0.51","250.00","15.40","200.00","16.55","317.40","1.30","200.00","0.79","2.02","2.53","0.78","0.72","0.86","342.55","1.89","0.27","0.62","-0.05","0.04","0.05","354.95","-0.3","2.08","-0.5","0.01","0.0","0.03"
00:11:21,"9,507.42","-4,041.69","251.01",Off,"251.00","-3.1","60.000000","60.000000","90.000000","90.000000","95.000000","95.000000","316.00","316.00","0.00","0.00","0.000000","0.0","0.000000","0.0","520.00","14.20","6.61","6.62","7.59","7.58","0.51","250.00","15.40","200.00","16.60","317.60","1.30","200.00","0.78","2.08","2.59","0.77","0.70","0.85","343.15","1.93","0.27","0.61","-0.05","0.04","-0.01","355.15","-0.4","2.07","-0.1","0.00","-0.0","0.03"
00:11:22,"9,504.69","-4,041.81","250.95",Off,"250.90","-3.3","60.000000","60.000000","90.000000","90.000000","95.000000","95.000000","316.00","316.00","0.00","0.00","0.000000","0.0","0.000000","0.0","523.00","14.20","6.62","6.64","7.58","7.56","0.51","250.00","15.40","200.00","16.65","317.70","1.30","200.00","0.77","2.14","2.65","0.77","0.68","0.85","343.67","1.98","0.27","0.60","-0.05","0.02","-0.03","355.34","-0.4","2.07","-0.1","0.00","-0.0","0.01"
00:11:23,"9,501.91","-4,041.96","250.90",Off,"250.80","-3.7","60.000000","60.000000","90.000000","90.000000","95.000000","95.000000","316.00","316.00","0.00","0.00","0.000000","0.0","0.000000","0.0","526.00","14.20","6.65","6.66","7.55","7.54","0.51","250.00","15.40","200.00","16.69","317.90","1.30","200.00","0.77","2.20","2.71","0.77","0.68","0.86","344.07","2.02","0.27","0.60","-0.05","0.01","-0.01","355.51","-0.5","2.04","-2.9","0.01","0.1","-0.00"
00:11:24,"9,499.08","-4,042.15","250.83",Off,"250.80","-4.0","60.000000","60.000000","90.000000","90.000000","95.000000","95.000000","316.00","316.00","0.00","0.00","0.000000","0.0","0.000000","0.0","529.00","14.20","6.62","6.63","7.58","7.57","0.51","250.00","15.40","200.00","16.74","318.10","1.30","200.00","0.76","2.25","2.76","0.75","0.65","0.85","344.57","2.07","0.27","0.59","-0.05","0.03","0.02","355.67","-0.5","2.03","-0.5","0.01","-0.0","0.03"
00:11:25,"9,496.21","-4,042.36","250.76",Off,"250.70","-4.3","60.000000","60.000000","90.000000","90.000000","95.000000","95.000000","316.00","316.00","0.00","0.00","0.000000","0.0","0.000000","0.0","532.00","14.20","6.60","6.62","7.60","7.58","0.51","250.00","15.40","200.00","16.79","318.20","1.30","200.00","0.75","2.30","2.81","0.74","0.64","0.85","345.03","2.11","0.27","0.58","-0.05","0.03","-0.04","355.82","-0.5","2.02","-0.2","0.00","-0.1","0.01"
00:11:26,"9,493.28","-4,042.59","250.69",Off,"250.60","-4.7","60.000000","60.000000","90.000000","90.000000","95.000000","95.000000","316.00","316.00","0.00","0.00","0.000000","0.0","0.000000","0.0","534.00","14.20","6.69","6.70","7.51","7.50","0.51","250.00","15.40","200.00","16.84","318.40","1.30","200.00","0.75","2.36","2.87","0.74","0.63","0.86","345.39","2.15","0.27","0.58","-0.05","-0.02","-0.05","355.95","-0.6","2.01","-1.2","0.00","0.0","-0.05"
00:11:27,"9,490.30","-4,042.85","250.61",Off,"250.50","-5.1","60.000000","60.000000","90.000000","90.000000","95.000000","95.000000","316.00","316.00","0.00","0.00","0.000000","0.0","0.000000","0.0","537.00","14.20","6.64","6.65","7.56","7.55","0.51","250.00","15.40","200.00","16.89","318.60","1.30","200.00","0.75","2.41","2.92","0.74","0.62","0.87","345.68","2.19","0.27","0.58","-0.05","0.04","0.10","356.07","-0.6","1.97","-4.0","0.01","0.2","0.03"
00:11:28,"9,487.27","-4,043.14","250.52",Off,"250.50","-5.5","60.000000","60.000000","90.000000","91.000000","95.000000","95.000000","316.00","316.00","0.00","0.00","0.000000","0.0","0.000000","0.0","540.00","14.20","6.64","6.65","7.56","7.55","0.51","250.00","15.40","200.00","16.93","318.80","1.30","200.00","0.74","2.47","2.98","0.73","0.60","0.87","346.03","2.24","0.27","0.57","-0.04","0.02","-0.08","356.18","-0.6","1.93","-1.0","0.01","-0.0","-0.02"
00:11:29,"9,484.20","-4,043.46","250.42",Off,"250.40","-5.8","60.000000","60.000000","90.000000","91.000000","95.000000","95.000000","316.00","316.00","0.00","0.00","0.000000","0.0","0.000000","0.0","544.00","14.20","6.69","6.71","7.51","7.49","0.51","250.00","15.40","200.00","16.98","319.00","1.30","200.00","0.73","2.52","3.03","0.73","0.59","0.88","346.40","2.28","0.27","0.57","-0.05","-0.00","-0.01","356.28","-0.6","1.92","-0.7","0.01","-0.1","-0.04"
00:11:30,"9,481.07","-4,043.80","250.32",Off,"250.30","-6.2","60.000000","60.000000","90.000000","91.000000","95.000000","95.000000","316.00","316.00","0.00","0.00","0.000000","0.0","0.000000","0.0","547.00","14.20","6.65","6.66","7.55","7.54","0.51","250.00","15.40","200.00","17.03","319.20","1.30","200.00","0.73","2.57","3.08","0.73","0.58","0.88","346.65","2.32","0.26","0.57","-0.04","0.03","0.03","356.37","-0.6","1.91","-1.0","0.01","-0.0","-0.01"
00:11:31,"9,477.90","-4,044.17","250.22",Off,"250.20","-6.4","60.000000","60.000000","90.000000","91.000000","95.000000","95.000000","316.00","316.00","0.00","0.00","0.000000","0.0","0.000000","0.0","550.00","14.20","6.68","6.70","7.52","7.50","0.51","250.00","15.40","200.00","17.07","319.40","1.30","200.00","0.73","2.63","3.14","0.73","0.57","0.89","346.87","2.36","0.26","0.57","-0.04","0.00","-0.05","356.44","-0.6","1.88","-2.6","0.01","0.1","-0.06"
00:11:32,"9,474.68","-4,044.56","250.11",Off,"250.00","-6.7","60.000000","60.000000","91.000000","91.000000","95.000000","95.000000","316.00","316.00","0.00","0.00","0.000000","0.0","0.000000","0.0","553.00","14.20","6.71","6.72","7.49","7.48","0.51","250.00","15.40","200.00","17.12","319.60","1.30","200.00","0.72","2.68","3.19","0.72","0.56","0.90","347.09","2.40","0.26","0.57","-0.04","0.00","0.03","356.51","-0.6","1.84","-1.3","0.01","0.0","-0.04"
00:11:33,"9,471.41","-4,044.97","249.99",Off,"249.90","-7.0","60.000000","60.000000","91.000000","91.000000","95.000000","95.000000","316.00","316.00","0.00","0.00","0.000000","0.0","0.000000","0.0","556.00","14.20","6.64","6.66","7.56","7.54","0.51","250.00","15.40","200.00","17.17","319.80","1.30","200.00","0.72","2.73","3.24","0.72","0.55","0.90","347.37","2.44","0.26","0.56","-0.04","0.05","0.05","356.57","-0.5","1.84","-0.2","0.01","-0.0","0.01"
00:11:34,"9,468.10","-4,045.42","249.88",Off,"249.80","-7.2","60.000000","60.000000","91.000000","91.000000","95.000000","95.000000","316.00","316.00","0.00","0.00","0.000000","0.0","0.000000","0.0","560.00","14.20","6.66","6.67","7.54","7.53","0.51","250.00","15.40","200.00","17.21","320.00","1.30","200.00","0.72","2.78","3.29","0.72","0.55","0.91","347.54","2.48","0.26","0.56","-0.04","0.02","-0.04","356.63","-0.5","1.83","-0.9","0.01","0.0","-0.03"
00:11:35,"9,464.74","-4,045.88","249.75",Off,"249.70","-7.5","60.000000","60.000000","91.000000","91.000000","95.000000","95.000000","322.00","322.00","0.00","0.00","0.000000","0.0","0.000000","0.0","563.00","14.20","6.67","6.69","7.53","7.51","0.51","250.00","15.40","200.00","17.25","320.20","1.30","200.00","0.72","2.83","3.34","0.72","0.54","0.91","347.73","2.52","0.26","0.56","-0.04","0.01","0.01","356.68","-0.5","1.82","-0.6","0.01","0.0","-0.02"
00:11:36,"9,461.33","-4,046.37","249.63",Off,"249.60","-7.7","60.000000","60.000000","91.000000","91.000000","95.000000","95.000000","0.00","0.00","0.00","0.00","0.000000","0.0","0.000000","0.0","566.00","14.20","6.64","6.66","7.56","7.54","0.51","250.00","15.40","200.00","17.30","320.40","1.30","200.00","0.72","2.88","3.39","0.72","0.54","0.92","347.92","2.56","0.25","0.56","-0.04","0.03","0.04","356.72","-0.5","1.81","-0.3","0.01","0.0","0.02"
00:11:37,"9,457.88","-4,046.89","249.49",Off,"249.40","-8.0","60.000000","60.000000","91.000000","91.000000","95.000000","95.000000","0.00","0.00","0.00","0.00","0.000000","0.0","0.000000","0.0","570.00","14.20","6.61","6.63","7.59","7.57","0.51","250.00","15.40","200.00","17.35","320.60","1.30","200.00","0.71","2.93","3.44","0.72","0.53","0.92","348.12","2.60","0.25","0.56","-0.04","0.03","-0.01","356.75","-0.4","1.82","0.8","0.01","-0.0","0.02"
00:11:38,"9,454.38","-4,047.43","249.36",Off,"249.30","-8.2","60.000000","60.000000","91.000000","91.000000","95.000000","95.000000","0.00","0.00","0.00","0.00","0.000000","0.0","0.000000","0.0","573.00","14.20","6.66","6.68","7.54","7.52","0.51","250.00","15.40","200.00","17.39","320.90","1.30","200.00","0.72","2.98","3.49","0.72","0.52","0.93","348.25","2.63","0.25","0.56","-0.03","-0.00","-0.03","356.78","-0.4","1.82","-0.2","0.01","0.1","-0.02"
00:11:39,"9,450.84","-4,048.00","249.22",Off,"249.20","-8.4","60.000000","60.000000","91.000000","91.000000","95.000000","95.000000","0.00","0.00","0.00","0.00","0.000000","0.0","0.000000","0.0","577.00","14.20","6.62","6.64","7.58","7.56","0.51","250.00","15.40","200.00","17.43","321.10","1.30","200.00","0.71","3.03","3.54","0.72","0.52","0.93","348.43","2.67","0.25","0.56","-0.04","0.03","0.03","356.81","-0.4","1.83","1.0","0.01","-0.0","0.03"
00:11:40,"9,447.26","-4,048.59","249.08",Off,"249.00","-8.7","60.000000","60.000000","91.000000","91.000000","95.000000","95.000000","0.00","0.00","0.00","0.00","0.000000","0.0","0.000000","0.0","581.00","14.20","6.65","6.67","7.55","7.53","0.51","250.00","15.40","200.00","17.48","321.30","1.30","200.00","0.71","3.08","3.59","0.72","0.51","0.94","348.53","2.71","0.25","0.56","-0.03","0.00","-0.12","356.83","-0.4","1.83","1.0","0.01","-0.0","-0.05"
00:11:41,"9,443.63","-4,049.21","248.93",Off,"248.90","-8.9","60.000000","60.000000","91.000000","92.000000","95.000000","95.000000","0.00","0.00","0.00","0.00","0.000000","0.0","0.000000","0.0","584.00","14.20","6.70","6.72","7.50","7.48","0.51","250.00","15.40","200.00","17.52","321.50","1.30","200.00","0.71","3.12","3.63","0.72","0.50","0.95","348.73","2.75","0.24","0.56","-0.04","-0.01","0.02","356.84","-0.4","1.85","1.4","0.01","-0.1","-0.05"
00:11:42,"9,439.96","-4,049.86","248.78",Off,"248.70","-9.1","60.000000","60.000000","91.000000","92.000000","95.000000","95.000000","0.00","0.00","0.00","0.00","0.000000","0.0","0.000000","0.0","588.00","14.20","6.66","6.68","7.54","7.52","0.51","250.00","15.40","200.00","17.57","321.80","1.30","200.00","0.71","3.17","3.68","0.72","0.50","0.95","348.84","2.78","0.24","0.56","-0.04","0.03","0.01","356.85","-0.4","1.86","1.2","0.01","-0.0","-0.03"
00:11:43,"9,436.24","-4,050.53","248.63",Off,"248.60","-9.4","60.000000","60.000000","91.000000","92.000000","95.000000","95.000000","0.00","0.00","0.00","0.00","0.000000","0.0","0.000000","0.0","592.00","14.20","6.69","6.70","7.51","7.50","0.51","250.00","15.40","200.00","17.61","322.00","1.30","200.00","0.72","3.22","3.73","0.73","0.50","0.97","348.97","2.82","0.24","0.56","-0.04","0.01","-0.04","356.86","-0.4","1.87","-0.4","0.01","0.1","-0.06"
00:11:44,"9,432.49","-4,051.22","248.47",Off,"248.40","-9.6","60.000000","60.000000","91.000000","92.000000","95.000000","95.000000","0.00","0.00","0.00","0.00","0.000000","0.0","0.000000","0.0","596.00","14.20","6.71","6.73","7.49","7.47","0.51","250.00","15.40","200.00","17.65","322.20","1.30","200.00","0.71","3.26","3.77","0.73","0.49","0.97","349.03","2.86","0.24","0.57","-0.04","0.00","0.04","356.86","-0.4","1.87","0.7","0.01","0.0","-0.05"
00:11:45,"9,428.69","-4,051.95","248.31",Off,"248.20","-9.8","60.000000","60.000000","91.000000","92.000000","95.000000","95.000000","0.00","0.00","0.00","0.00","0.000000","0.0","0.000000","0.0","599.00","14.20","6.64","6.66","7.56","7.54","0.51","250.00","15.40","200.00","17.70","322.50","1.30","200.00","0.71","3.31","3.82","0.73","0.49","0.98","349.17","2.89","0.24","0.57","-0.04","0.05","0.04","356.86","-0.4","1.89","1.0","0.01","-0.0","0.00"
00:11:46,"9,424.86","-4,052.70","248.14",Off,"248.10","-10.0","60.000000","60.000000","92.000000","92.000000","95.000000","95.000000","0.00","0.00","0.00","0.00","0.000000","0.0","0.000000","0.0","603.00","14.20","6.66","6.68","7.54","7.52","0.51","250.00","15.40","200.00","17.74","322.70","1.30","200.00","0.71","3.35","3.86","0.73","0.49","0.98","349.29","2.93","0.23","0.57","-0.04","0.02","-0.03","356.86","-0.4","1.91","1.2","0.01","-0.0","-0.02"
00:11:47,"9,420.98","-4,053.47","247.97",Off,"247.90","-10.2","60.000000","60.000000","92.000000","92.000000","95.000000","95.000000","0.00","0.00","0.00","0.00","0.000000","0.0","0.000000","0.0","607.00","14.20","6.66","6.68","7.54","7.52","0.51","250.00","15.40","200.00","17.78","322.90","1.30","200.00","0.71","3.40","3.91","0.73","0.49","0.99","349.36","2.96","0.23","0.57","-0.04","0.02","0.01","356.85","-0.4","1.92","0.4","0.01","0.0","-0.01"
00:11:48,"9,417.06","-4,054.27","247.80",Off,"247.70","-10.5","60.000000","60.000000","92.000000","92.000000","95.000000","95.000000","0.00","0.00","0.00","0.00","0.000000","0.0","0.000000","0.0","611.00","14.20","6.65","6.67","7.55","7.53","0.51","250.00","15.40","200.00","17.82","323.20","1.30","200.00","0.71","3.44","3.95","0.73","0.48","1.00","349.41","2.99","0.23","0.57","-0.04","0.02","-0.02","356.84","-0.4","1.91","0.2","0.01","0.0","-0.01"
00:11:49,"9,413.11","-4,055.09","247.63",Off,"247.60","-10.7","60.000000","60.000000","92.000000","92.000000","95.000000","95.000000","0.00","0.00","0.00","0.00","0.000000","0.0","0.000000","0.0","615.00","14.20","6.66","6.68","7.54","7.52","0.51","250.00","15.40","200.00","17.87","323.40","1.30","200.00","0.71","3.48","3.99","0.74","0.48","1.01","349.53","3.03","0.23","0.57","-0.04","0.02","-0.03","356.82","-0.4","1.92","0.5","0.01","-0.0","-0.01"
00:11:50,"9,409.12","-4,055.95","247.45",Off,"247.40","-10.9","60.000000","60.000000","92.000000","93.000000","95.000000","95.000000","0.00","0.00","0.00","0.00","0.000000","0.0","0.000000","0.0","619.00","14.20","6.66","6.68","7.54","7.52","0.51","250.00","15.40","200.00","17.91","323.60","1.30","200.00","0.72","3.52","4.03","0.74","0.47","1.02","349.61","3.06","0.22","0.58","-0.04","0.01","-0.03","356.81","-0.4","1.93","0.4","0.01","-0.0","-0.03"
00:11:51,"9,405.09","-4,056.82","247.26",Off,"247.20","-11.2","60.000000","60.000000","92.000000","93.000000","95.000000","95.000000","0.00","0.00","0.00","0.00","0.000000","0.0","0.000000","0.0","624.00","14.20","6.68","6.70","7.52","7.50","0.51","250.00","15.40","200.00","17.95","323.90","1.30","200.00","0.72","3.57","4.08","0.74","0.47","1.03","349.63","3.09","0.22","0.58","-0.04","0.01","-0.02","356.79","-0.4","1.92","-1.0","0.01","0.1","-0.04"
00:11:52,"9,401.03","-4,057.73","247.07",Off,"247.00","-11.5","60.000000","60.000000","92.000000","93.000000","95.000000","95.000000","0.00","0.00","0.00","0.00","0.000000","0.0","0.000000","0.0","628.00","14.20","6.66","6.69","7.54","7.51","0.51","250.00","15.40","200.00","17.99","324.10","1.30","200.00","0.71","3.61","4.12","0.74","0.46","1.03","349.76","3.13","0.22","0.58","-0.05","0.02","0.04","356.76","-0.4","1.92","1.3","0.01","-0.1","-0.02"
00:11:53,"9,396.93","-4,058.67","246.88",Off,"246.80","-11.7","60.000000","60.000000","92.000000","93.000000","95.000000","95.000000","0.00","0.00","0.00","0.00","0.000000","0.0","0.000000","0.0","632.00","14.20","6.67","6.69","7.53","7.51","0.51","250.00","15.40","200.00","18.03","324.30","1.30","200.00","0.71","3.65","4.16","0.74","0.46","1.04","349.86","3.16","0.22","0.58","-0.05","0.02","-0.03","356.74","-0.4","1.94","1.1","0.01","-0.1","-0.04"
00:11:54,"9,392.80","-4,059.63","246.68",Off,"246.60","-11.9","60.000000","60.000000","92.000000","93.000000","95.000000","95.000000","0.00","0.00","0.00","0.00","0.000000","0.0","0.000000","0.0","636.00","14.20","6.69","6.71","7.51","7.49","0.51","250.00","15.40","200.00","18.07","324.60","1.30","200.00","0.72","3.69","4.20","0.75","0.46","1.05","349.90","3.19","0.21","0.58","-0.05","0.01","0.00","356.71","-0.4","1.96","0.8","0.01","-0.0","-0.05"
00:11:55,"9,388.63","-4,060.62","246.48",Off,"246.40","-12.3","60.000000","60.000000","92.000000","93.000000","95.000000","95.000000","0.00","0.00","0.00","0.00","0.000000","0.0","0.000000","0.0","640.00","14.20","6.69","6.71","7.51","7.49","0.51","250.00","15.40","200.00","18.11","324.90","1.30","200.00","0.72","3.73","4.23","0.75","0.45","1.06","349.85","3.22","0.21","0.59","-0.04","0.02","-0.00","356.68","-0.5","1.95","-0.1","0.01","0.0","-0.05"
00:11:56,"9,384.44","-4,061.63","246.27",Off,"246.20","-12.5","60.000000","60.000000","92.000000","93.000000","95.000000","95.000000","0.00","0.00","0.00","0.00","0.000000","0.0","0.000000","0.0","645.00","14.20","6.66","6.68","7.54","7.52","0.51","250.00","15.40","200.00","18.16","325.10","1.30","200.00","0.71","3.76","4.27","0.75","0.45","1.07","350.04","3.25","0.21","0.59","-0.05","0.04","0.05","356.64","-0.5","1.96","1.5","0.01","-0.0","-0.00"
00:11:57,"9,380.21","-4,062.68","246.06",Off,"246.00","-12.8","60.000000","60.000000","93.000000","93.000000","95.000000","95.000000","0.00","0.00","0.00","0.00","0.000000","0.0","0.000000","0.0","649.00","14.20","6.66","6.68","7.54","7.52","0.51","250.00","15.40","200.00","18.20","325.30","1.30","200.00","0.72","3.80","4.31","0.75","0.44","1.08","350.09","3.28","0.21","0.59","-0.05","0.02","-0.05","356.60","-0.5","1.99","1.1","0.01","-0.0","-0.03"
00:11:58,"9,375.95","-4,063.76","245.85",Off,"245.80","-13.0","60.000000","60.000000","93.000000","93.000000","95.000000","95.000000","0.00","0.00","0.00","0.00","0.000000","0.0","0.000000","0.0","653.00","14.20","6.67","6.68","7.53","7.52","0.51","250.00","15.40","200.00","18.24","325.60","1.30","200.00","0.72","3.84","4.35","0.76","0.44","1.09","350.10","3.31","0.20","0.59","-0.05","0.02","0.04","356.56","-0.5","2.00","0.1","0.01","0.0","-0.01"
00:11:59,"9,371.66","-4,064.86","245.63",Off,"245.60","-13.3","60.000000","60.000000","93.000000","94.000000","95.000000","95.000000","0.00","0.00","0.00","0.00","0.000000","0.0","0.000000","0.0","658.00","14.20","6.66","6.68","7.54","7.52","0.51","250.00","15.40","200.00","18.28","325.80","1.30","200.00","0.72","3.87","4.38","0.76","0.44","1.10","350.14","3.34","0.20","0.60","-0.05","0.02","-0.07","356.52","-0.5","2.00","0.8","0.01","-0.0","-0.03"
00:12:00,"9,367.33","-4,065.99","245.41",Off,"245.30","-13.6","60.000000","60.000000","93.000000","94.000000","95.000000","95.000000","0.00","0.00","0.00","0.00","0.000000","0.0","0.000000","0.0","662.00","14.20","6.65","6.67","7.55","7.53","0.51","250.00","15.40","200.00","18.32","326.10","1.30","200.00","0.72","3.91","4.42","0.76","0.43","1.11","350.21","3.36","0.20","0.60","-0.06","0.03","0.07","356.48","-0.5","2.01","0.7","0.01","-0.0","0.00"
00:12:01,"9,362.98","-4,067.15","245.18",Off,"245.10","-13.8","60.000000","60.000000","93.000000","94.000000","95.000000","95.000000","0.00","0.00","0.00","0.00","0.000000","0.0","0.000000","0.0","667.00","14.20","6.64","6.66","7.56","7.54","0.51","250.00","15.40","200.00","18.36","326.30","1.30","200.00","0.72","3.95","4.45","0.77","0.43","1.12","350.21","3.39","0.20","0.60","-0.05","0.02","-0.04","356.43","-0.5","2.02","0.1","0.01","0.0","-0.02"
00:12:02,"9,358.60","-4,068.34","244.94",Off,"244.90","-14.1","60.000000","60.000000","93.000000","94.000000","95.000000","95.000000","0.00","0.00","0.00","0.00","0.000000","0.0","0.000000","0.0","671.00","14.20","6.67","6.69","7.53","7.51","0.51","250.00","15.40","200.00","18.40","326.60","1.30","200.00","0.73","3.98","4.49","0.77","0.43","1.13","350.26","3.42","0.19","0.60","-0.06","0.01","0.01","356.38","-0.5","2.01","-0.7","0.01","0.0","-0.01"
00:12:03,"9,354.20","-4,069.56","244.71",Off,"244.60","-14.4","60.000000","60.000000","93.000000","94.000000","95.000000","95.000000","0.00","0.00","0.00","0.00","0.000000","0.0","0.000000","0.0","676.00","14.20","6.66","6.68","7.54","7.52","0.51","250.00","15.40","200.00","18.44","326.90","1.30","200.00","0.72","4.01","4.52","0.77","0.42","1.14","350.30","3.45","0.19","0.61","-0.06","0.02","-0.02","356.33","-0.5","2.02","1.4","0.01","-0.1","-0.03"
00:12:04,"9,349.77","-4,070.81","244.46",Off,"244.40","-14.6","60.000000","60.000000","93.000000","94.000000","95.000000","95.000000","0.00","0.00","0.00","0.00","0.000000","0.0","0.000000","0.0","680.00","14.20","6.67","6.69","7.53","7.51","0.51","250.00","15.40","200.00","18.48","327.10","1.30","200.00","0.73","4.05","4.56","0.78","0.42","1.15","350.33","3.47","0.19","0.61","-0.06","0.01","-0.00","356.28","-0.4","2.03","0.6","0.01","-0.0","-0.03"
00:12:05,"9,345.31","-4,072.09","244.22",On,"244.20","-14.9","60.000000","60.000000","93.000000","94.000000","95.000000","95.000000","0.00","0.00","0.00","0.00","0.000000","0.0","0.000000","0.0","685.00","14.20","6.68","6.69","7.52","7.51","0.51","250.00","15.40","200.00","18.51","327.40","1.30","200.00","0.73","4.08","4.59","0.78","0.42","1.16","350.35","3.50","0.18","0.61","-0.06","0.02","-0.00","356.22","-0.4","2.04","0.5","0.01","-0.0","-0.04"
00:12:06,"9,340.82","-4,073.39","243.97",On,"246.20","-14.9","60.000000","60.000000","93.000000","94.000000","95.000000","95.000000","0.00","0.00","2.00","2.00","0.000000","0.0","0.000000","0.0","690.00","14.20","6.68","6.70","7.52","7.50","0.51","250.00","15.40","200.00","18.55","327.70","1.30","200.00","0.73","4.11","4.62","0.78","0.42","1.16","350.28","3.52","0.18","0.62","-0.06","0.02","0.02","356.17","-0.4","2.03","0.1","0.01","0.0","-0.03"
00:12:07,"9,336.32","-4,074.74","243.72",On,"250.20","-14.5","60.000000","60.000000","94.000000","94.000000","95.000000","95.000000","0.00","0.00","4.00","4.00","0.000000","0.0","0.000000","0.0","694.00","14.20","6.67","6.69","7.53","7.51","0.51","250.00","15.40","200.00","18.60","327.90","1.30","200.00","0.72","4.15","4.65","0.78","0.43","1.15","350.47","3.55","0.18","0.62","-0.07","0.02","-0.03","356.12","-0.1","2.05","1.8","0.01","-0.0","-0.05"
00:12:08,"9,331.79","-4,076.12","243.49",On,"254.20","-13.9","60.000000","60.000000","94.000000","94.000000","95.000000","95.000000","0.00","0.00","6.00","6.00","0.000000","0.0","0.000000","0.0","699.00","14.20","6.69","6.71","7.51","7.49","0.51","250.00","15.40","200.00","18.64","328.10","1.30","200.00","0.72","4.18","4.68","0.77","0.44","1.13","350.56","3.57","0.18","0.62","-0.08","0.02","0.03","356.08","0.3","2.09","2.7","0.01","-0.0","-0.04"
00:12:09,"9,327.24","-4,077.53","243.26",On,"258.20","-12.9","60.000000","60.000000","94.000000","95.000000","95.000000","95.000000","0.00","0.00","8.00","8.00","0.000000","0.0","0.000000","0.0","704.00","14.20","6.68","6.70","7.52","7.50","0.51","250.00","15.40","200.00","18.68","328.40","1.30","200.00","0.71","4.21","4.72","0.77","0.46","1.10","350.68","3.60","0.18","0.61","-0.08","0.02","-0.02","356.05","0.8","2.14","2.0","0.01","0.0","-0.05"
00:12:10,"9,322.67","-4,078.98","243.06",On,"258.20","-11.7","60.000000","60.000000","94.000000","95.000000","95.000000","95.000000","0.00","0.00","10.00","10.00","0.000000","0.0","0.000000","0.0","709.00","14.20","6.69","6.71","7.51","7.49","0.51","250.00","15.40","200.00","18.72","328.60","1.30","200.00","0.70","4.24","4.75","0.76","0.48","1.06","350.79","3.62","0.17","0.61","-0.09","0.02","-0.01","356.03","1.3","2.18","3.1","0.01","0.0","-0.05"
00:12:11,"9,318.09","-4,080.47","242.88",On,"258.20","-10.2","60.000000","60.000000","94.000000","95.000000","95.000000","95.000000","0.00","0.00","12.00","12.00","0.000000","0.0","0.000000","0.0","714.00","14.20","6.70","6.72","7.50","7.48","0.51","250.00","15.40","200.00","18.76","328.70","1.30","200.00","0.69","4.27","4.78","0.75","0.50","1.01","350.99","3.65","0.17","0.60","-0.10","0.02","0.00","356.04","1.8","2.24","3.8","0.01","-0.0","-0.04"
00:12:12,"9,313.48","-4,082.00","242.72",On,"258.20","-8.5","60.000000","60.000000","94.000000","95.000000","95.000000","95.000000","0.00","0.00","14.00","14.00","0.000000","0.0","0.000000","0.0","718.00","14.20","6.64","6.66","7.56","7.54","0.51","250.00","15.40","200.00","18.80","328.90","1.30","200.00","0.68","4.30","4.81","0.74","0.53","0.96","351.18","3.67","0.17","0.59","-0.10","0.05","0.04","356.08","2.2","2.30","3.4","0.01","-0.0","-0.00"
00:12:13,"9,308.86","-4,083.57","242.60",On,"258.20","-6.7","60.000000","60.000000","94.000000","95.000000","95.000000","95.000000","0.00","0.00","16.00","16.00","0.000000","0.0","0.000000","0.0","723.00","14.20","6.69","6.71","7.51","7.49","0.51","250.00","15.40","200.00","18.84","329.00","1.30","200.00","0.66","4.34","4.84","0.73","0.57","0.90","351.33","3.70","0.17","0.58","-0.09","0.01","-0.09","356.13","2.6","2.34","2.1","0.01","0.0","-0.06"
00:12:14,"9,304.22","-4,085.17","242.50",On,"258.20","-4.6","60.000000","60.000000","94.000000","95.000000","95.000000","95.000000","0.00","0.00","18.00","18.00","0.000000","0.0","0.000000","0.0","728.00","14.20","6.69","6.70","7.51","7.50","0.51","250.00","15.40","200.00","18.89","329.10","1.30","200.00","0.64","4.37","4.87","0.71","0.59","0.82","351.64","3.72","0.17","0.57","-0.11","0.02","0.04","356.22","2.9","2.39","3.2","0.01","-0.1","-0.04"
00:12:15,"9,299.56","-4,086.81","242.44",On,"258.20","-2.5","60.000000","60.000000","94.000000","95.000000","95.000000","95.000000","0.00","0.00","21.00","21.00","0.000000","0.0","0.000000","0.0","733.00","14.20","6.67","6.69","7.53","7.51","0.51","250.00","15.40","200.00","18.93","329.20","1.30","200.00","0.62","4.40","4.90","0.69","0.63","0.75","351.91","3.74","0.16","0.56","-0.11","0.03","-0.00","356.33","3.2","2.44","2.4","0.01","-0.0","-0.03"
00:12:16,"9,294.88","-4,088.49","242.42",On,"258.20","-0.2","60.000000","60.000000","94.000000","95.000000","95.000000","95.000000","0.00","0.00","23.00","23.00","0.000000","0.0","0.000000","0.0","738.00","14.20","6.72","6.73","7.48","7.47","0.51","250.00","15.40","200.00","18.97","329.20","1.30","200.00","0.60","4.43","4.94","0.67","0.67","0.68","352.18","3.77","0.16","0.54","-0.10","-0.00","-0.09","356.48","3.5","2.46","-0.3","0.01","0.1","-0.10"
00:12:17,"9,290.19","-4,090.20","242.44",On,"258.20","2.2","60.000000","60.000000","94.000000","95.000000","95.000000","95.000000","0.00","0.00","25.00","25.00","0.000000","0.0","0.000000","0.0","743.00","14.20","6.71","6.72","7.49","7.48","0.51","250.00","15.40","200.00","19.01","329.20","1.30","200.00","0.57","4.46","4.97","0.64","0.69","0.58","352.49","3.79","0.16","0.52","-0.11","0.02","0.07","356.65","3.8","2.47","1.4","0.01","-0.0","-0.04"
00:12:18,"9,285.48","-4,091.95","242.50",On,"258.20","4.6","60.000000","60.000000","94.000000","95.000000","95.000000","95.000000","0.00","0.00","24.00","24.00","0.000000","0.0","0.000000","0.0","748.00","14.20","6.68","6.70","7.52","7.50","0.51","250.00","15.40","200.00","19.05","329.10","1.30","200.00","0.55","4.49","5.00","0.61","0.72","0.50","352.89","3.82","0.16","0.50","-0.11","0.03","-0.05","356.85","4.0","2.49","0.8","0.00","-0.0","-0.06"
00:12:19,"9,280.75","-4,093.73","242.59",On,"258.20","6.1","60.000000","60.000000","95.000000","95.000000","95.000000","95.000000","0.00","0.00","21.00","21.00","0.000000","0.0","0.000000","0.0","753.00","14.20","6.70","6.72","7.50","7.48","0.51","250.00","15.40","200.00","19.08","329.10","1.30","200.00","0.53","4.53","5.03","0.59","0.74","0.44","353.18","3.84","0.16","0.48","-0.11","0.02","0.02","357.08","3.7","2.48","-1.8","0.00","0.0","-0.05"
00:12:20,"9,275.99","-4,095.53","242.70",On,"258.20","7.0","60.000000","60.000000","95.000000","94.000000","95.000000","95.000000","0.00","0.00","19.00","19.00","0.000000","0.0","0.000000","0.0","758.00","14.20","6.67","6.68","7.53","7.52","0.51","250.00","15.40","200.00","19.11","329.00","1.30","200.00","0.51","4.56","5.07","0.58","0.74","0.40","353.39","3.87","0.16","0.46","-0.09","0.04","0.01","357.32","3.0","2.42","-4.1","0.01","0.0","-0.02"
00:12:21,"9,271.21","-4,097.35","242.82",On,"258.20","7.6","60.000000","60.000000","95.000000","94.000000","95.000000","95.000000","0.00","0.00","18.00","18.00","0.000000","0.0","0.000000","0.0","763.00","14.20","6.65","6.66","7.55","7.54","0.51","250.00","15.40","200.00","19.15","328.90","1.30","200.00","0.49","4.59","5.10","0.55","0.74","0.36","353.70","3.90","0.16","0.44","-0.09","0.03","0.01","357.57","2.3","2.35","-4.8","0.01","-0.0","-0.00"
00:12:22,"9,266.41","-4,099.20","242.95",On,"258.20","8.1","60.000000","60.000000","95.000000","95.000000","95.000000","95.000000","0.00","0.00","17.00","17.00","0.000000","0.0","0.000000","0.0","768.00","14.20","6.65","6.67","7.55","7.53","0.51","250.00","15.40","200.00","19.18","328.80","1.30","200.00","0.47","4.63","5.13","0.54","0.73","0.33","353.95","3.92","0.15","0.43","-0.08","0.02","-0.01","357.81","1.7","2.25","-6.2","0.01","0.0","-0.01"
00:12:23,"9,261.58","-4,101.07","243.09",On,"258.20","8.6","60.000000","60.000000","95.000000","95.000000","95.000000","95.000000","0.00","0.00","16.00","16.00","0.000000","0.0","0.000000","0.0","774.00","14.20","6.64","6.66","7.56","7.54","0.51","250.00","15.40","200.00","19.21","328.70","1.30","200.00","0.45","4.66","5.17","0.52","0.72","0.30","354.21","3.95","0.15","0.41","-0.07","0.02","0.02","358.05","1.3","2.14","-7.6","0.01","0.0","-0.00"
00:12:24,"9,256.73","-4,102.96","243.23",On,"258.20","8.7","60.000000","60.000000","95.000000","95.000000","95.000000","95.000000","0.00","0.00","16.00","16.00","0.000000","0.0","0.000000","0.0","779.00","14.20","6.66","6.68","7.54","7.52","0.51","250.00","15.40","200.00","19.24","328.60","1.30","200.00","0.43","4.69","5.20","0.49","0.70","0.27","354.49","3.97","0.15","0.39","-0.07","0.00","-0.02","358.28","1.0","2.05","-5.2","0.01","-0.0","-0.03"
00:12:25,"9,251.86","-4,104.88","243.38",On,"260.20","9.1","60.000000","60.000000","95.000000","95.000000","95.000000","95.000000","0.00","0.00","16.00","16.00","0.000000","0.0","0.000000","0.0","784.00","14.20","6.68","6.70","7.52","7.50","0.51","250.00","15.40","200.00","19.27","328.40","1.30","200.00","0.41","4.72","5.23","0.47","0.69","0.24","354.77","4.00","0.15","0.38","-0.06","0.00","-0.04","358.50","0.8","1.96","-4.7","0.01","-0.0","-0.05"
00:12:26,"9,246.96","-4,106.81","243.53",On,"260.20","9.8","60.000000","60.000000","95.000000","95.000000","95.000000","95.000000","0.00","0.00","18.00","18.00","0.000000","0.0","0.000000","0.0","789.00","14.20","6.68","6.70","7.52","7.50","0.51","250.00","15.40","200.00","19.30","328.30","1.30","200.00","0.39","4.76","5.26","0.44","0.68","0.20","355.06","4.02","0.15","0.36","-0.06","0.01","0.02","358.72","0.9","1.90","-3.2","0.01","-0.0","-0.03"
00:12:27,"9,242.04","-4,108.77","243.70",On,"260.20","10.4","60.000000","60.000000","95.000000","95.000000","95.000000","95.000000","0.00","0.00","17.00","17.00","0.000000","0.0","0.000000","0.0","794.00","14.20","6.69","6.71","7.51","7.49","0.51","250.00","15.40","200.00","19.33","328.20","1.30","200.00","0.36","4.79","5.29","0.42","0.67","0.15","355.33","4.05","0.15","0.34","-0.06","0.00","-0.04","358.94","1.1","1.84","-2.2","0.01","-0.0","-0.06"
00:12:28,"9,237.10","-4,110.75","243.88",On,"260.20","10.9","60.000000","60.000000","95.000000","95.000000","95.000000","95.000000","0.00","0.00","16.00","16.00","0.000000","0.0","0.000000","0.0","800.00","14.20","6.71","6.72","7.49","7.48","0.51","250.00","15.40","200.00","19.36","328.00","1.30","200.00","0.34","4.82","5.32","0.40","0.66","0.12","355.63","4.07","0.15","0.32","-0.05","0.00","0.01","359.16","1.0","1.81","-1.2","0.01","-0.0","-0.06"
00:12:29,"9,232.13","-4,112.74","244.06",On,"260.20","11.2","60.000000","60.000000","95.000000","95.000000","95.000000","95.000000","0.00","0.00","15.00","15.00","0.000000","0.0","0.000000","0.0","805.00","14.20","6.70","6.72","7.50","7.48","0.51","250.00","15.40","200.00","19.39","327.90","1.30","200.00","0.33","4.85","5.36","0.38","0.65","0.09","355.87","4.10","0.15","0.30","-0.05","0.01","-0.00","359.38","0.9","1.79","-1.2","0.01","-0.0","-0.05"
00:12:30,"9,227.13","-4,114.75","244.25",On,"260.20","11.5","60.000000","60.000000","95.000000","95.000000","95.000000","95.000000","0.00","0.00","15.00","15.00","0.000000","0.0","0.000000","0.0","811.00","14.20","6.69","6.70","7.51","7.50","0.51","250.00","15.40","200.00","19.41","327.80","1.30","200.00","0.32","4.88","5.39","0.37","0.65","0.08","356.04","4.12","0.15","0.29","-0.04","0.02","0.01","359.59","0.7","1.75","-3.6","0.01","0.1","-0.04"
00:12:31,"9,222.11","-4,116.77","244.45",On,"260.20","11.7","60.000000","60.000000","95.000000","95.000000","95.000000","95.000000","0.00","0.00","14.00","14.00","0.000000","0.0","0.000000","0.0","816.00","14.20","6.68","6.70","7.52","7.50","0.51","250.00","15.40","200.00","19.44","327.60","1.30","200.00","0.30","4.91","5.42","0.35","0.63","0.05","356.27","4.14","0.14","0.27","-0.03","0.01","0.03","359.79","0.6","1.73","-1.7","0.01","0.0","-0.03"
00:12:32,"9,217.06","-4,118.80","244.64",On,"260.20","11.9","60.000000","60.000000","95.000000","95.000000","95.000000","95.000000","0.00","0.00","14.00","14.00","0.000000","0.0","0.000000","0.0","821.00","14.20","6.67","6.69","7.53","7.51","0.51","250.00","15.40","200.00","19.46","327.50","1.30","200.00","0.28","4.94","5.45","0.33","0.62","0.03","356.47","4.17","0.14","0.26","-0.02","0.01","-0.02","359.99","0.5","1.70","-1.5","0.01","-0.0","-0.04"
00:12:33,"9,211.98","-4,120.84","244.84",On,"260.20","12.0","60.000000","60.000000","95.000000","95.000000","95.000000","95.000000","0.00","0.00","13.00","13.00","0.000000","0.0","0.000000","0.0","827.00","14.20","6.67","6.69","7.53","7.51","0.51","250.00","15.40","200.00","19.49","327.30","1.30","200.00","0.27","4.97","5.48","0.32","0.61","0.01","356.64","4.19","0.14","0.24","-0.02","0.01","0.03","0.18","0.4","1.67","-2.9","0.01","0.0","-0.03"
00:12:34,"9,206.87","-4,122.88","245.04",On,"260.20","12.1","60.000000","60.000000","95.000000","95.000000","95.000000","95.000000","0.00","0.00","13.00","13.00","0.000000","0.0","0.000000","0.0","832.00","14.20","6.68","6.69","7.52","7.51","0.51","250.00","15.40","200.00","19.51","327.20","1.30","200.00","0.26","5.00","5.51","0.30","0.59","-0.01","356.79","4.21","0.14","0.23","-0.01","0.01","-0.02","0.37","0.3","1.63","-1.9","0.01","-0.0","-0.05"
00:12:35,"9,201.74","-4,124.94","245.25",On,"260.20","12.2","60.000000","60.000000","95.000000","95.000000","95.000000","95.000000","0.00","0.00","13.00","13.00","0.000000","0.0","0.000000","0.0","838.00","14.20","6.69","6.71","7.51","7.49","0.51","250.00","15.40","200.00","19.53","327.00","1.30","200.00","0.24","5.03","5.53","0.29","0.58","-0.02","356.98","4.24","0.14","0.22","-0.01","-0.00","0.02","0.54","0.3","1.60","-1.5","0.00","-0.0","-0.05"
00:12:36,"9,196.58","-4,127.00","245.45",On,"260.20","12.4","60.000000","60.000000","95.000000","95.000000","95.000000","95.000000","0.00","0.00","12.00","12.00","0.000000","0.0","0.000000","0.0","843.00","14.20","6.71","6.73","7.49","7.47","0.51","250.00","15.40","200.00","19.55","326.90","1.30","200.00","0.23","5.06","5.56","0.27","0.57","-0.04","357.13","4.26","0.14","0.21","0.00","-0.01","-0.02","0.71","0.2","1.57","-1.8","0.00","-0.0","-0.07"
00:12:37,"9,191.39","-4,129.06","245.66",On,"260.20","12.4","60.000000","60.000000","96.000000","96.000000","95.000000","95.000000","0.00","0.00","12.00","12.00","0.000000","0.0","0.000000","0.0","849.00","14.20","6.70","6.72","7.50","7.48","0.51","250.00","15.40","200.00","19.56","326.70","1.30","200.00","0.22","5.08","5.59","0.26","0.56","-0.05","357.24","4.28","0.14","0.20","0.01","0.01","0.01","0.88","0.2","1.53","-2.0","0.01","0.0","-0.06"
00:12:38,"9,186.17","-4,131.13","245.86",On,"260.20","12.5","60.000000","60.000000","96.000000","96.000000","95.000000","95.000000","0.00","0.00","12.00","12.00","0.000000","0.0","0.000000","0.0","855.00","14.20","6.72","6.73","7.48","7.47","0.51","250.00","15.40","200.00","19.59","326.60","1.30","200.00","0.21","5.11","5.62","0.25","0.55","-0.07","357.43","4.30","0.13","0.19","0.01","-0.00","0.03","1.03","0.2","1.51","-1.1","0.00","-0.0","-0.05"
00:12:39,"9,180.93","-4,133.21","246.07",On,"260.20","12.5","60.000000","60.000000","96.000000","96.000000","95.000000","95.000000","0.00","0.00","12.00","12.00","0.000000","0.0","0.000000","0.0","860.00","14.20","6.68","6.69","7.52","7.51","0.51","250.00","15.40","200.00","19.60","326.40","1.30","200.00","0.20","5.14","5.65","0.24","0.54","-0.08","357.56","4.32","0.13","0.18","0.02","0.02","-0.01","1.18","0.2","1.49","-1.2","0.00","-0.0","-0.04"
00:12:40,"9,175.66","-4,135.28","246.28",On,"260.20","12.5","60.000000","60.000000","96.000000","96.000000","95.000000","95.000000","0.00","0.00","11.00","11.00","0.000000","0.0","0.000000","0.0","866.00","14.20","6.68","6.69","7.52","7.51","0.51","250.00","15.40","200.00","19.62","326.30","1.30","200.00","0.19","5.16","5.67","0.23","0.53","-0.09","357.64","4.34","0.13","0.17","0.02","0.01","0.01","1.33","0.1","1.46","-1.5","0.00","0.0","-0.03"
00:12:41,"9,170.36","-4,137.36","246.49",On,"260.20","12.6","60.000000","60.000000","96.000000","96.000000","95.000000","95.000000","0.00","0.00","11.00","11.00","0.000000","0.0","0.000000","0.0","872.00","14.20","6.69","6.70","7.51","7.50","0.51","250.00","15.40","200.00","19.64","326.20","1.30","200.00","0.18","5.19","5.70","0.21","0.52","-0.11","357.82","4.36","0.13","0.16","0.02","0.00","-0.01","1.46","0.1","1.45","-0.2","0.00","-0.1","-0.05"
00:12:42,"9,165.04","-4,139.44","246.70",On,"260.20","12.6","60.000000","60.000000","96.000000","96.000000","95.000000","95.000000","0.00","0.00","11.00","11.00","0.000000","0.0","0.000000","0.0","877.00","14.20","6.69","6.70","7.51","7.50","0.51","250.00","15.40","200.00","19.65","326.00","1.30","200.00","0.17","5.22","5.73","0.20","0.51","-0.12","357.93","4.39","0.13","0.15","0.03","0.00","0.02","1.59","0.1","1.43","-0.7","0.00","-0.0","-0.05"
00:12:43,"9,159.68","-4,141.51","246.91",On,"260.20","12.6","60.000000","60.000000","96.000000","96.000000","95.000000","95.000000","0.00","0.00","11.00","11.00","0.000000","0.0","0.000000","0.0","883.00","14.20","6.71","6.72","7.49","7.48","0.51","250.00","15.40","200.00","19.66","325.90","1.30","200.00","0.17","5.24","5.75","0.19","0.50","-0.12","358.02","4.41","0.13","0.14","0.03","-0.00","0.01","1.72","0.0","1.42","-1.2","0.00","0.0","-0.05"
00:12:44,"9,154.30","-4,143.59","247.12",On,"260.20","12.6","60.000000","60.000000","96.000000","96.000000","95.000000","95.000000","0.00","0.00","11.00","11.00","0.000000","0.0","0.000000","0.0","889.00","14.20","6.67","6.68","7.53","7.52","0.51","250.00","15.40","200.00","19.68","325.70","1.30","200.00","0.16","5.27","5.78","0.18","0.49","-0.14","358.14","4.43","0.13","0.14","0.03","0.02","0.02","1.84","0.0","1.41","-0.2","0.00","-0.0","-0.02"
00:12:45,"9,148.89","-4,145.67","247.33",On,"260.20","12.6","60.000000","60.000000","96.000000","96.000000","95.000000","95.000000","0.00","0.00","10.00","10.00","0.000000","0.0","0.000000","0.0","895.00","14.20","6.71","6.72","7.49","7.48","0.51","250.00","15.40","200.00","19.69","325.60","1.30","200.00","0.15","5.29","5.80","0.18","0.48","-0.14","358.23","4.44","0.12","0.13","0.04","-0.01","-0.03","1.95","0.0","1.40","-0.7","0.00","-0.0","-0.06"
00:12:46,"9,143.46","-4,147.74","247.54",On,"260.20","12.5","60.000000","60.000000","96.000000","96.000000","95.000000","95.000000","0.00","0.00","10.00","10.00","0.000000","0.0","0.000000","0.0","900.00","14.20","6.69","6.70","7.51","7.50","0.51","250.00","15.40","200.00","19.71","325.50","1.30","200.00","0.15","5.32","5.83","0.17","0.47","-0.15","358.32","4.46","0.12","0.12","0.04","0.01","0.02","2.06","-0.0","1.39","-0.8","0.00","0.0","-0.03"
00:12:47,"9,138.00","-4,149.81","247.75",On,"260.20","12.5","60.000000","60.000000","96.000000","96.000000","95.000000","95.000000","0.00","0.00","10.00","10.00","0.000000","0.0","0.000000","0.0","906.00","14.20","6.68","6.69","7.52","7.51","0.51","250.00","15.40","200.00","19.72","325.30","1.30","200.00","0.14","5.34","5.85","0.16","0.46","-0.16","358.40","4.48","0.12","0.12","0.05","0.01","-0.02","2.16","-0.0","1.37","-0.4","0.00","-0.0","-0.04"
00:12:48,"9,132.51","-4,151.87","247.95",On,"260.20","12.5","60.000000","60.000000","96.000000","96.000000","95.000000","95.000000","0.00","0.00","10.00","10.00","0.000000","0.0","0.000000","0.0","912.00","14.20","6.70","6.71","7.50","7.49","0.51","250.00","15.40","200.00","19.73","325.20","1.30","200.00","0.13","5.37","5.88","0.15","0.45","-0.16","358.48","4.50","0.12","0.11","0.05","-0.01","-0.02","2.25","-0.0","1.36","-0.7","0.00","-0.0","-0.07"
00:12:49,"9,126.99","-4,153.93","248.16",On,"260.20","12.4","60.000000","60.000000","97.000000","96.000000","95.000000","95.000000","0.00","0.00","10.00","10.00","0.000000","0.0","0.000000","0.0","918.00","14.20","6.71","6.72","7.49","7.48","0.51","250.00","15.40","200.00","19.74","325.00","1.30","200.00","0.13","5.39","5.90","0.15","0.45","-0.17","358.56","4.52","0.12","0.10","0.05","-0.01","0.01","2.34","-0.1","1.35","-1.1","0.00","0.0","-0.07"
00:12:50,"9,121.45","-4,155.99","248.37",On,"260.20","12.3","60.000000","60.000000","97.000000","97.000000","95.000000","95.000000","0.00","0.00","9.00","9.00","0.000000","0.0","0.000000","0.0","924.00","14.20","6.71","6.72","7.49","7.48","0.51","250.00","15.40","200.00","19.75","324.90","1.30","200.00","0.12","5.41","5.92","0.14","0.44","-0.17","358.62","4.54","0.12","0.10","0.06","0.00","0.01","2.43","-0.1","1.34","-0.4","0.00","-0.0","-0.06"
00:12:51,"9,115.88","-4,158.04","248.57",On,"260.20","12.3","60.000000","60.000000","97.000000","97.000000","95.000000","95.000000","0.00","0.00","9.00","9.00","0.000000","0.0","0.000000","0.0","930.00","14.20","6.72","6.72","7.48","7.48","0.51","250.00","15.40","200.00","19.76","324.80","1.30","200.00","0.12","5.43","5.94","0.13","0.43","-0.18","358.69","4.56","0.12","0.09","0.06","-0.00","-0.02","2.51","-0.1","1.33","-0.6","0.00","0.0","-0.08"
00:12:52,"9,110.29","-4,160.09","248.78",On,"260.20","12.2","60.000000","60.000000","97.000000","97.000000","95.000000","95.000000","0.00","0.00","9.00","9.00","0.000000","0.0","0.000000","0.0","936.00","14.20","6.72","6.73","7.48","7.47","0.51","250.00","15.40","200.00","19.77","324.60","1.30","200.00","0.12","5.46","5.97","0.13","0.42","-0.18","358.76","4.57","0.11","0.09","0.06","-0.00","0.04","2.58","-0.1","1.32","-0.6","0.00","0.0","-0.06"
00:12:53,"9,104.66","-4,162.12","248.98",On,"260.20","12.1","60.000000","60.000000","97.000000","97.000000","95.000000","95.000000","0.00","0.00","9.00","9.00","0.000000","0.0","0.000000","0.0","942.00","14.20","6.69","6.69","7.51","7.51","0.51","250.00","15.40","200.00","19.78","324.50","1.30","200.00","0.12","5.48","5.99","0.12","0.42","-0.18","358.80","4.59","0.11","0.08","0.06","0.02","0.02","2.65","-0.1","1.32","-1.1","0.00","0.0","-0.03"
00:12:54,"9,099.02","-4,164.15","249.18",On,"260.20","12.1","60.000000","60.000000","97.000000","97.000000","95.000000","95.000000","0.00","0.00","9.00","9.00","0.000000","0.0","0.000000","0.0","948.00","14.20","6.71","6.72","7.49","7.48","0.51","250.00","15.40","200.00","19.79","324.40","1.30","200.00","0.11","5.50","6.01","0.12","0.41","-0.19","358.86","4.61","0.11","0.08","0.07","-0.01","-0.03","2.72","-0.1","1.31","-0.3","0.00","-0.0","-0.07"
00:12:55,"9,093.34","-4,166.18","249.38",On,"260.20","12.0","60.000000","60.000000","97.000000","97.000000","95.000000","95.000000","0.00","0.00","9.00","9.00","0.000000","0.0","0.000000","0.0","954.00","14.20","6.70","6.70","7.50","7.50","0.51","250.00","15.40","200.00","19.79","324.30","1.30","200.00","0.11","5.52","6.03","0.11","0.40","-0.19","358.92","4.63","0.11","0.08","0.06","0.01","0.03","2.78","-0.1","1.31","0.1","0.00","-0.0","-0.05"
00:12:56,"9,087.64","-4,168.19","249.58",On,"260.20","11.9","60.000000","60.000000","97.000000","97.000000","95.000000","95.000000","0.00","0.00","8.00","8.00","0.000000","0.0","0.000000","0.0","960.00","14.20","6.72","6.73","7.48","7.47","0.51","250.00","15.40","200.00","19.80","324.10","1.30","200.00","0.11","5.54","6.05","0.11","0.40","-0.19","358.96","4.64","0.11","0.07","0.07","-0.01","-0.04","2.83","-0.1","1.31","-0.5","0.00","0.0","-0.10"
00:12:57,"9,081.92","-4,170.20","249.78",On,"260.20","11.8","60.000000","60.000000","97.000000","97.000000","95.000000","95.000000","0.00","0.00","8.00","8.00","0.000000","0.0","0.000000","0.0","966.00","14.20","6.74","6.74","7.46","7.46","0.51","250.00","15.40","200.00","19.81","324.00","1.30","200.00","0.10","5.57","6.08","0.10","0.39","-0.19","358.99","4.66","0.11","0.07","0.07","-0.01","0.07","2.89","-0.2","1.30","-0.0","0.00","-0.0","-0.07"
00:12:58,"9,076.17","-4,172.20","249.97",On,"260.20","11.7","60.000000","60.000000","97.000000","97.000000","95.000000","95.000000","0.00","0.00","8.00","8.00","0.000000","0.0","0.000000","0.0","972.00","14.20","6.72","6.72","7.48","7.48","0.51","250.00","15.40","200.00","19.81","323.90","1.30","200.00","0.10","5.59","6.10","0.10","0.38","-0.20","359.04","4.68","0.10","0.07","0.07","0.00","-0.06","2.93","-0.2","1.31","0.7","0.00","-0.1","-0.09"
00:12:59,"9,070.39","-4,174.18","250.17",On,"260.20","11.6","60.000000","60.000000","97.000000","97.000000","95.000000","95.000000","0.00","0.00","8.00","8.00","0.000000","0.0","0.000000","0.0","978.00","14.20","6.74","6.75","7.46","7.45","0.51","250.00","15.40","200.00","19.82","323.80","1.30","200.00","0.10","5.61","6.12","0.10","0.38","-0.19","359.07","4.69","0.10","0.06","0.07","-0.01","0.07","2.98","-0.2","1.30","-0.7","0.00","0.0","-0.07"
00:13:00,"9,064.59","-4,176.16","250.36",On,"260.20","11.4","60.000000","60.000000","97.000000","97.000000","95.000000","95.000000","0.00","0.00","8.00","8.00","0.000000","0.0","0.000000","0.0","984.00","14.20","6.70","6.70","7.50","7.50","0.51","250.00","15.40","200.00","19.83","323.70","1.30","200.00","0.10","5.63","6.14","0.10","0.37","-0.20","359.09","4.71","0.10","0.06","0.08","0.02","-0.02","3.02","-0.2","1.29","0.1","0.00","-0.0","-0.06"
00:13:01,"9,058.77","-4,178.13","250.55",On,"260.20","11.3","60.000000","60.000000","97.000000","97.000000","95.000000","95.000000","0.00","0.00","8.00","8.00","0.000000","0.0","0.000000","0.0","990.00","14.20","6.72","6.72","7.48","7.48","0.51","250.00","15.40","200.00","19.83","323.50","1.30","200.00","0.10","5.65","6.16","0.09","0.37","-0.19","359.13","4.72","0.10","0.06","0.08","-0.00","-0.03","3.05","-0.2","1.29","-0.0","0.00","-0.0","-0.08"
00:13:02,"9,052.92","-4,180.08","250.74",On,"260.20","11.2","60.000000","60.000000","97.000000","97.000000","95.000000","95.000000","0.00","0.00","8.00","8.00","0.000000","0.0","0.000000","0.0","996.00","14.20","6.73","6.73","7.47","7.47","0.51","250.00","15.40","200.00","19.84","323.40","1.30","200.00","0.10","5.67","6.18","0.09","0.36","-0.19","359.14","4.74","0.10","0.06","0.08","-0.00","0.01","3.09","-0.2","1.29","-0.4","0.00","0.0","-0.08"
00:13:03,"9,047.04","-4,182.03","250.92",On,"260.20","11.1","60.000000","60.000000","97.000000","97.000000","95.000000","95.000000","0.00","0.00","8.00","8.00","0.000000","0.0","0.000000","0.0","1,003.00","14.20","6.72","6.73","7.48","7.47","0.51","250.00","15.40","200.00","19.84","323.30","1.30","200.00","0.10","5.69","6.20","0.09","0.36","-0.19","359.15","4.75","0.10","0.06","0.08","-0.00","-0.03","3.12","-0.2","1.28","0.1","0.00","-0.0","-0.09"
00:13:04,"9,041.15","-4,183.96","251.10",On,"260.20","10.9","60.000000","60.000000","97.000000","97.000000","95.000000","95.000000","0.00","0.00","7.00","7.00","0.000000","0.0","0.000000","0.0","1,009.00","14.20","6.72","6.72","7.48","7.48","0.51","250.00","15.40","200.00","19.85","323.20","1.30","200.00","0.10","5.71","6.22","0.09","0.35","-0.19","359.19","4.77","0.10","0.05","0.08","0.01","0.07","3.14","-0.2","1.28","0.2","0.00","-0.0","-0.06"
00:13:05,"9,035.23","-4,185.89","251.29",On,"260.20","10.8","60.000000","60.000000","98.000000","97.000000","95.000000","95.000000","0.00","0.00","7.00","7.00","0.000000","0.0","0.000000","0.0","1,015.00","14.20","6.72","6.72","7.48","7.48","0.51","250.00","15.40","200.00","19.85","323.10","1.30","200.00","0.10","5.73","6.24","0.09","0.35","-0.19","359.19","4.78","0.10","0.05","0.08","0.00","-0.05","3.16","-0.2","1.28","-0.0","0.00","-0.0","-0.08"
00:13:06,"9,029.28","-4,187.80","251.46",On,"260.20","10.7","60.000000","60.000000","98.000000","97.000000","95.000000","95.000000","0.00","0.00","7.00","7.00","0.000000","0.0","0.000000","0.0","1,021.00","14.20","6.70","6.71","7.50","7.49","0.51","250.00","15.40","200.00","19.85","323.00","1.30","200.00","0.10","5.74","6.25","0.09","0.34","-0.18","359.19","4.80","0.10","0.05","0.08","0.01","0.08","3.18","-0.2","1.28","-0.0","0.00","0.0","-0.04"
00:13:07,"9,023.31","-4,189.70","251.64",On,"260.20","10.5","60.000000","60.000000","98.000000","97.000000","95.000000","95.000000","0.00","0.00","7.00","7.00","0.000000","0.0","0.000000","0.0","1,027.00","14.20","6.71","6.71","7.49","7.49","0.51","250.00","15.40","200.00","19.86","322.90","1.30","200.00","0.10","5.76","6.27","0.08","0.34","-0.18","359.23","4.81","0.09","0.05","0.08","-0.00","-0.06","3.20","-0.2","1.29","0.4","0.00","-0.0","-0.07"
00:13:08,"9,017.32","-4,191.59","251.82",On,"260.20","10.4","60.000000","60.000000","98.000000","98.000000","95.000000","95.000000","0.00","0.00","7.00","7.00","0.000000","0.0","0.000000","0.0","1,034.00","14.20","6.71","6.72","7.49","7.48","0.51","250.00","15.40","200.00","19.86","322.80","1.30","200.00","0.10","5.78","6.29","0.08","0.34","-0.18","359.22","4.83","0.09","0.05","0.08","-0.00","0.05","3.21","-0.2","1.29","0.3","0.00","-0.0","-0.05"
00:13:09,"9,011.30","-4,193.47","251.99",On,"260.20","10.3","60.000000","60.000000","98.000000","98.000000","95.000000","95.000000","0.00","0.00","7.00","7.00","0.000000","0.0","0.000000","0.0","1,040.00","14.20","6.70","6.70","7.50","7.50","0.51","250.00","15.40","200.00","19.86","322.70","1.30","200.00","0.10","5.80","6.31","0.09","0.33","-0.17","359.22","4.84","0.09","0.05","0.09","0.00","-0.04","3.22","-0.2","1.29","-0.1","0.00","0.0","-0.06"
00:13:10,"9,005.26","-4,195.33","252.16",On,"260.20","10.1","60.000000","60.000000","98.000000","98.000000","95.000000","95.000000","0.00","0.00","7.00","7.00","0.000000","0.0","0.000000","0.0","1,046.00","14.20","6.71","6.71","7.49","7.49","0.51","250.00","15.40","200.00","19.87","322.60","1.30","200.00","0.10","5.82","6.33","0.09","0.33","-0.17","359.23","4.86","0.09","0.05","0.09","0.00","0.01","3.23","-0.2","1.29","0.1","0.00","-0.0","-0.06"
00:13:11,"8,999.20","-4,197.18","252.32",On,"260.20","10.0","60.000000","60.000000","98.000000","98.000000","95.000000","95.000000","0.00","0.00","7.00","7.00","0.000000","0.0","0.000000","0.0","1,053.00","14.20","6.71","6.71","7.49","7.49","0.51","250.00","15.40","200.00","19.87","322.50","1.30","200.00","0.11","5.84","6.35","0.09","0.33","-0.17","359.22","4.87","0.09","0.05","0.09","0.00","0.01","3.23","-0.3","1.29","-0.0","0.00","0.0","-0.06"
00:13:12,"8,993.12","-4,199.02","252.49",On,"260.20","9.8","60.000000","60.000000","98.000000","98.000000","95.000000","95.000000","0.00","0.00","7.00","7.00","0.000000","0.0","0.000000","0.0","1,059.00","14.20","6.70","6.71","7.50","7.49","0.51","250.00","15.40","200.00","19.87","322.40","1.30","200.00","0.11","5.85","6.36","0.09","0.33","-0.16","359.23","4.89","0.09","0.05","0.09","0.00","-0.02","3.24","-0.3","1.30","-0.3","0.00","0.0","-0.07"
00:13:13,"8,987.01","-4,200.84","252.65",On,"260.20","9.7","60.000000","60.000000","98.000000","98.000000","95.000000","95.000000","0.00","0.00","7.00","7.00","0.000000","0.0","0.000000","0.0","1,065.00","14.20","6.70","6.71","7.50","7.49","0.51","250.00","15.40","200.00","19.87","322.30","1.30","200.00","0.11","5.87","6.38","0.09","0.32","-0.16","359.22","4.90","0.09","0.05","0.09","0.00","0.02","3.23","-0.3","1.30","0.3","0.00","-0.0","-0.06"
00:13:14,"8,980.89","-4,202.66","252.81",On,"260.20","9.5","60.000000","60.000000","98.000000","98.000000","95.000000","95.000000","0.00","0.00","7.00","7.00","0.000000","0.0","0.000000","0.0","1,072.00","14.20","6.73","6.73","7.47","7.47","0.51","250.00","15.40","200.00","19.88","322.20","1.30","200.00","0.11","5.89","6.40","0.09","0.32","-0.15","359.22","4.91","0.09","0.05","0.09","-0.01","-0.04","3.23","-0.3","1.31","0.6","0.00","-0.0","-0.09"
00:13:15,"8,974.74","-4,204.46","252.97",On,"260.20","9.4","60.000000","60.000000","98.000000","98.000000","95.000000","95.000000","0.00","0.00","6.00","6.00","0.000000","0.0","0.000000","0.0","1,078.00","14.20","6.72","6.72","7.48","7.48","0.51","250.00","15.40","200.00","19.88","322.20","1.30","200.00","0.12","5.91","6.42","0.09","0.32","-0.15","359.21","4.93","0.09","0.05","0.09","0.00","0.07","3.23","-0.3","1.31","0.4","0.00","-0.0","-0.07"
00:13:16,"8,968.57","-4,206.24","253.12",On,"260.20","9.2","60.000000","60.000000","98.000000","98.000000","95.000000","95.000000","0.00","0.00","6.00","6.00","0.000000","0.0","0.000000","0.0","1,085.00","14.20","6.74","6.74","7.46","7.46","0.51","250.00","15.40","200.00","19.88","322.10","1.30","200.00","0.12","5.92","6.43","0.09","0.31","-0.14","359.18","4.94","0.09","0.06","0.09","-0.01","-0.04","3.22","-0.3","1.31","0.3","0.00","0.0","-0.11"
00:13:17,"8,962.37","-4,208.02","253.27",On,"260.20","9.0","60.000000","60.000000","98.000000","98.000000","95.000000","95.000000","0.00","0.00","6.00","6.00","0.000000","0.0","0.000000","0.0","1,091.00","14.20","6.73","6.73","7.47","7.47","0.51","250.00","15.40","200.00","19.88","322.00","1.30","200.00","0.12","5.94","6.45","0.09","0.31","-0.14","359.20","4.95","0.08","0.06","0.08","0.01","0.11","3.21","-0.3","1.32","0.6","0.00","-0.0","-0.05"
00:13:18,"8,956.16","-4,209.78","253.42",On,"260.20","8.9","60.000000","60.000000","98.000000","98.000000","95.000000","95.000000","0.00","0.00","6.00","6.00","0.000000","0.0","0.000000","0.0","1,097.00","14.20","6.72","6.72","7.48","7.48","0.51","250.00","15.40","200.00","19.88","321.90","1.30","200.00","0.12","5.96","6.47","0.09","0.31","-0.13","359.18","4.97","0.08","0.06","0.09","0.00","-0.08","3.20","-0.3","1.33","0.4","0.00","-0.0","-0.09"
00:13:19,"8,949.93","-4,211.53","253.57",On,"260.20","8.7","60.000000","60.000000","98.000000","98.000000","95.000000","95.000000","0.00","0.00","6.00","6.00","0.000000","0.0","0.000000","0.0","1,104.00","14.20","6.74","6.74","7.46","7.46","0.51","250.00","15.40","200.00","19.88","321.80","1.30","200.00","0.13","5.97","6.48","0.10","0.31","-0.13","359.14","4.98","0.08","0.06","0.09","-0.01","0.04","3.18","-0.3","1.33","0.3","0.00","-0.0","-0.08"
00:13:20,"8,943.67","-4,213.26","253.72",On,"260.20","8.6","60.000000","60.000000","98.000000","98.000000","95.000000","95.000000","0.00","0.00","6.00","6.00","0.000000","0.0","0.000000","0.0","1,110.00","14.20","6.70","6.70","7.50","7.50","0.51","250.00","15.40","200.00","19.88","321.80","1.30","200.00","0.13","5.99","6.50","0.10","0.30","-0.12","359.15","4.99","0.08","0.06","0.09","0.02","0.01","3.17","-0.3","1.34","0.7","0.00","-0.0","-0.06"
00:13:21,"8,937.40","-4,214.98","253.86",On,"260.20","8.4","60.000000","60.000000","98.000000","98.000000","95.000000","95.000000","0.00","0.00","6.00","6.00","0.000000","0.0","0.000000","0.0","1,117.00","14.20","6.74","6.74","7.46","7.46","0.51","250.00","15.40","200.00","19.89","321.70","1.30","200.00","0.13","6.00","6.51","0.10","0.30","-0.11","359.13","5.00","0.08","0.06","0.09","-0.02","-0.06","3.15","-0.3","1.35","0.4","0.00","-0.0","-0.10"
00:13:22,"8,931.10","-4,216.69","254.00",On,"260.20","8.3","60.000000","60.000000","98.000000","98.000000","95.000000","95.000000","0.00","0.00","6.00","6.00","0.000000","0.0","0.000000","0.0","1,123.00","14.20","6.72","6.73","7.48","7.47","0.51","250.00","15.40","200.00","19.89","321.60","1.30","200.00","0.14","6.02","6.53","0.10","0.30","-0.11","359.10","5.02","0.08","0.06","0.09","0.01","0.09","3.13","-0.3","1.35","0.2","0.00","0.0","-0.06"
00:13:23,"8,924.79","-4,218.39","254.13",On,"260.20","8.1","60.000000","60.000000","98.000000","98.000000","95.000000","95.000000","0.00","0.00","6.00","6.00","0.000000","0.0","0.000000","0.0","1,130.00","14.20","6.73","6.74","7.47","7.46","0.51","250.00","15.40","200.00","19.89","321.50","1.30","200.00","0.14","6.04","6.54","0.10","0.30","-0.10","359.10","5.03","0.08","0.07","0.09","-0.01","-0.08","3.11","-0.3","1.36","0.7","0.00","-0.0","-0.10"
00:13:24,"8,918.45","-4,220.07","254.27",On,"260.20","8.0","60.000000","60.000000","99.000000","99.000000","95.000000","95.000000","0.00","0.00","6.00","6.00","0.000000","0.0","0.000000","0.0","1,136.00","14.20","6.75","6.75","7.45","7.45","0.51","250.00","15.40","200.00","19.89","321.50","1.30","200.00","0.15","6.05","6.56","0.11","0.30","-0.09","359.07","5.04","0.08","0.07","0.09","-0.01","0.03","3.09","-0.3","1.37","0.4","0.00","-0.0","-0.09"
00:13:25,"8,912.10","-4,221.74","254.40",On,"260.20","7.8","60.000000","60.000000","98.000000","98.000000","95.000000","95.000000","0.00","0.00","6.00","6.00","0.000000","0.0","0.000000","0.0","1,143.00","14.20","6.71","6.71","7.49","7.49","0.51","250.00","15.40","200.00","19.89","321.40","1.30","200.00","0.15","6.07","6.58","0.11","0.30","-0.09","359.06","5.05","0.08","0.07","0.08","0.02","0.03","3.07","-0.3","1.38","0.1","0.00","0.0","-0.07"
00:13:26,"8,905.73","-4,223.40","254.53",On,"260.20","7.6","60.000000","60.000000","98.000000","99.000000","95.000000","95.000000","0.00","0.00","6.00","6.00","0.000000","0.0","0.000000","0.0","1,150.00","14.20","6.73","6.73","7.47","7.47","0.51","250.00","15.40","200.00","19.89","321.40","1.30","200.00","0.15","6.08","6.59","0.11","0.30","-0.08","359.03","5.06","0.08","0.07","0.09","-0.00","-0.03","3.04","-0.3","1.39","0.6","0.00","-0.0","-0.09"
00:13:27,"8,899.34","-4,225.04","254.65",On,"260.20","7.5","60.000000","60.000000","99.000000","99.000000","95.000000","95.000000","0.00","0.00","6.00","6.00","0.000000","0.0","0.000000","0.0","1,156.00","14.20","6.74","6.74","7.46","7.46","0.51","250.00","15.40","200.00","19.89","321.30","1.30","200.00","0.16","6.10","6.61","0.12","0.30","-0.07","359.01","5.08","0.07","0.07","0.08","0.00","0.02","3.02","-0.3","1.39","0.4","0.00","0.0","-0.08"
00:13:28,"8,892.93","-4,226.67","254.78",On,"260.20","7.3","60.000000","60.000000","99.000000","99.000000","95.000000","95.000000","0.00","0.00","6.00","6.00","0.000000","0.0","0.000000","0.0","1,163.00","14.20","6.75","6.75","7.45","7.45","0.51","250.00","15.40","200.00","19.89","321.20","1.30","200.00","0.16","6.11","6.62","0.12","0.30","-0.07","358.99","5.09","0.07","0.08","0.08","-0.00","-0.02","2.99","-0.3","1.40","0.3","0.00","0.0","-0.09"
00:13:29,"8,886.50","-4,228.29","254.90",On,"260.20","7.2","60.000000","60.000000","99.000000","99.000000","95.000000","95.000000","0.00","0.00","6.00","6.00","0.000000","0.0","0.000000","0.0","1,169.00","14.20","6.73","6.73","7.47","7.47","0.51","250.00","15.40","200.00","19.89","321.20","1.30","200.00","0.16","6.13","6.64","0.12","0.29","-0.06","358.96","5.10","0.07","0.08","0.08","0.01","0.02","2.96","-0.3","1.41","0.6","0.00","-0.0","-0.08"
00:13:30,"8,880.05","-4,229.89","255.01",On,"260.20","7.0","60.000000","60.000000","99.000000","99.000000","95.000000","95.000000","0.00","0.00","6.00","6.00","0.000000","0.0","0.000000","0.0","1,176.00","14.20","6.73","6.73","7.47","7.47","0.51","250.00","15.40","200.00","19.89","321.10","1.30","200.00","0.17","6.14","6.65","0.12","0.29","-0.06","358.94","5.11","0.07","0.08","0.08","0.00","0.02","2.93","-0.3","1.42","0.8","0.00","-0.0","-0.07"
00:13:31,"8,873.59","-4,231.49","255.13",On,"260.20","6.9","70.000000","60.000000","99.000000","99.000000","95.000000","95.000000","0.00","0.00","6.00","6.00","0.000000","0.0","0.000000","0.0","1,183.00","14.20","6.73","6.73","7.47","7.47","0.51","250.00","15.40","200.00","19.89","321.10","1.30","200.00","0.17","6.15","6.66","0.13","0.29","-0.05","358.92","5.12","0.07","0.08","0.08","-0.00","-0.02","2.90","-0.3","1.43","0.8","0.00","-0.0","-0.09"
00:13:32,"8,867.11","-4,233.07","255.24",On,"260.20","6.7","70.000000","60.000000","99.000000","99.000000","95.000000","95.000000","0.00","0.00","6.00","6.00","0.000000","0.0","0.000000","0.0","1,189.00","14.20","6.75","6.75","7.45","7.45","0.51","250.00","15.40","200.00","19.89","321.00","1.30","200.00","0.18","6.17","6.68","0.13","0.29","-0.04","358.88","5.13","0.07","0.09","0.08","-0.01","-0.01","2.87","-0.3","1.44","0.4","0.00","0.0","-0.09"
00:13:33,"8,860.61","-4,234.64","255.36",On,"260.20","6.6","60.000000","60.000000","100.000000","99.000000","95.000000","95.000000","0.00","0.00","6.00","6.00","0.000000","0.0","0.000000","0.0","1,196.00","14.20","6.72","6.72","7.48","7.48","0.51","250.00","15.40","200.00","19.89","321.00","1.30","200.00","0.18","6.18","6.69","0.13","0.29","-0.04","358.87","5.14","0.07","0.09","0.08","0.01","0.01","2.84","-0.3","1.45","0.9","0.00","-0.0","-0.07"
00:13:34,"8,854.09","-4,236.19","255.46",On,"260.20","6.5","60.000000","60.000000","101.000000","99.000000","95.000000","95.000000","0.00","0.00","6.00","6.00","0.000000","0.0","0.000000","0.0","1,203.00","14.20","6.74","6.74","7.46","7.46","0.51","250.00","15.40","200.00","19.89","320.90","1.30","200.00","0.19","6.20","6.71","0.14","0.29","-0.03","358.85","5.15","0.07","0.09","0.08","-0.01","-0.05","2.81","-0.2","1.46","0.7","0.00","-0.0","-0.10"
00:13:35,"8,847.55","-4,237.74","255.57",On,"260.20","6.3","60.000000","60.000000","100.000000","99.000000","95.000000","95.000000","0.00","0.00","6.00","6.00","0.000000","0.0","0.000000","0.0","1,209.00","14.20","6.74","6.74","7.46","7.46","0.51","250.00","15.40","200.00","19.89","320.90","1.30","200.00","0.19","6.21","6.72","0.14","0.30","-0.02","358.80","5.16","0.07","0.09","0.08","0.00","0.01","2.77","-0.2","1.46","-0.7","0.00","0.1","-0.09"
00:13:36,"8,841.00","-4,239.27","255.68",On,"260.20","6.2","60.000000","60.000000","100.000000","99.000000","95.000000","95.000000","0.00","0.00","6.00","6.00","0.000000","0.0","0.000000","0.0","1,216.00","14.20","6.73","6.73","7.47","7.47","0.51","250.00","15.40","200.00","19.90","320.80","1.30","200.00","0.19","6.23","6.74","0.14","0.29","-0.02","358.80","5.18","0.07","0.10","0.07","0.01","0.05","2.74","-0.2","1.48","1.0","0.00","-0.0","-0.07"
00:13:37,"8,834.43","-4,240.79","255.78",On,"260.20","6.1","60.000000","60.000000","100.000000","99.000000","95.000000","95.000000","0.00","0.00","6.00","6.00","0.000000","0.0","0.000000","0.0","1,223.00","14.20","6.73","6.73","7.47","7.47","0.51","250.00","15.40","200.00","19.90","320.80","1.30","200.00","0.20","6.24","6.75","0.15","0.29","-0.01","358.77","5.19","0.07","0.10","0.08","0.00","-0.04","2.70","-0.2","1.49","0.5","0.00","-0.0","-0.10"
00:13:38,"8,827.84","-4,242.30","255.88",On,"260.20","5.9","60.000000","60.000000","100.000000","99.000000","95.000000","95.000000","0.00","0.00","5.00","5.00","0.000000","0.0","0.000000","0.0","1,230.00","14.20","6.74","6.74","7.46","7.46","0.51","250.00","15.40","200.00","19.90","320.70","1.30","200.00","0.20","6.26","6.76","0.15","0.29","0.00","358.72","5.20","0.07","0.10","0.08","0.00","0.03","2.67","-0.2","1.49","-0.0","0.00","0.0","-0.08"
00:13:39,"8,821.24","-4,243.80","255.97",On,"260.20","5.3","60.000000","60.000000","99.000000","99.000000","95.000000","95.000000","0.00","0.00","3.00","3.00","0.000000","0.0","0.000000","0.0","1,236.00","14.20","6.75","6.75","7.45","7.45","0.51","250.00","15.40","200.00","19.90","320.70","1.30","200.00","0.21","6.27","6.78","0.16","0.29","0.02","358.70","5.21","0.07","0.11","0.08","-0.01","-0.02","2.63","-0.5","1.50","0.5","0.00","-0.0","-0.11"
00:13:40,"8,814.62","-4,245.28","256.05",On,"260.20","4.3","60.000000","60.000000","100.000000","99.000000","95.000000","95.000000","0.00","0.00","2.00","2.00","0.000000","0.0","0.000000","0.0","1,243.00","14.20","6.74","6.74","7.46","7.46","0.51","250.00","15.40","200.00","19.89","320.70","1.30","200.00","0.22","6.28","6.79","0.17","0.27","0.06","358.61","5.22","0.07","0.11","0.08","0.01","0.04","2.59","-0.9","1.49","-1.2","0.00","0.0","-0.09"
00:13:41,"8,807.98","-4,246.74","256.11",On,"260.20","3.5","60.000000","60.000000","100.000000","99.000000","95.000000","95.000000","0.00","0.00","3.00","3.00","0.000000","0.0","0.000000","0.0","1,250.00","14.20","6.75","6.75","7.45","7.45","0.51","250.00","15.40","200.00","19.89","320.70","1.30","200.00","0.24","6.29","6.80","0.18","0.27","0.09","358.51","5.23","0.06","0.12","0.08","-0.00","-0.05","2.53","-1.1","1.47","-1.4","0.00","0.0","-0.10"
00:13:42,"8,801.33","-4,248.19","256.17",On,"260.20","3.0","60.000000","60.000000","100.000000","99.000000","95.000000","95.000000","0.00","0.00","3.00","3.00","0.000000","0.0","0.000000","0.0","1,257.00","14.20","6.75","6.75","7.45","7.45","0.51","250.00","15.40","200.00","19.89","320.70","1.30","200.00","0.24","6.31","6.81","0.19","0.26","0.11","358.45","5.24","0.06","0.13","0.08","0.00","-0.01","2.46","-1.1","1.45","-0.3","0.00","-0.0","-0.10"
00:13:43,"8,794.66","-4,249.63","256.22",On,"260.20","2.6","60.000000","60.000000","100.000000","99.000000","95.000000","95.000000","0.00","0.00","4.00","4.00","0.000000","0.0","0.000000","0.0","1,264.00","14.20","6.75","6.75","7.45","7.45","0.51","250.00","15.40","200.00","19.89","320.70","1.30","200.00","0.25","6.32","6.82","0.19","0.26","0.13","358.40","5.25","0.06","0.14","0.08","0.00","0.01","2.39","-1.0","1.45","0.2","0.00","-0.0","-0.09"
00:13:44,"8,787.98","-4,251.07","256.26",On,"260.20","2.3","60.000000","60.000000","100.000000","99.000000","95.000000","95.000000","0.00","0.00","4.00","4.00","0.000000","0.0","0.000000","0.0","1,270.00","14.20","6.72","6.71","7.48","7.49","0.51","250.00","15.40","200.00","19.89","320.70","1.30","200.00","0.25","6.33","6.84","0.20","0.26","0.14","358.35","5.26","0.06","0.14","0.07","0.02","0.01","2.31","-0.8","1.46","1.3","0.00","-0.0","-0.07"
00:13:45,"8,781.29","-4,252.49","256.29",On,"260.20","2.1","60.000000","60.000000","100.000000","99.000000","95.000000","95.000000","0.00","0.00","4.00","4.00","0.000000","0.0","0.000000","0.0","1,277.00","14.20","6.74","6.73","7.46","7.47","0.51","250.00","15.40","200.00","19.89","320.70","1.30","200.00","0.26","6.34","6.85","0.21","0.26","0.15","358.29","5.26","0.06","0.15","0.07","0.00","0.00","2.24","-0.7","1.48","1.4","0.00","-0.0","-0.08"
00:13:46,"8,774.58","-4,253.91","256.33",On,"260.20","1.9","60.000000","60.000000","100.000000","99.000000","95.000000","95.000000","0.00","0.00","4.00","4.00","0.000000","0.0","0.000000","0.0","1,284.00","14.20","6.73","6.72","7.47","7.48","0.51","250.00","15.40","200.00","19.90","320.70","1.30","200.00","0.27","6.35","6.86","0.21","0.26","0.16","358.24","5.27","0.06","0.15","0.07","0.01","0.00","2.16","-0.5","1.51","1.8","0.00","-0.0","-0.07"
00:13:47,"8,767.86","-4,255.32","256.36",On,"260.20","1.8","60.000000","60.000000","100.000000","100.000000","95.000000","95.000000","0.00","0.00","4.00","4.00","0.000000","0.0","0.000000","0.0","1,291.00","14.20","6.73","6.73","7.47","7.47","0.51","250.00","15.40","200.00","19.90","320.70","1.30","200.00","0.28","6.36","6.87","0.22","0.26","0.17","358.19","5.28","0.06","0.16","0.06","0.00","0.01","2.09","-0.4","1.54","2.2","0.00","-0.0","-0.07"
00:13:48,"8,761.12","-4,256.72","256.39",On,"260.20","1.6","60.000000","60.000000","100.000000","100.000000","95.000000","95.000000","0.00","0.00","5.00","5.00","0.000000","0.0","0.000000","0.0","1,298.00","14.20","6.74","6.74","7.46","7.46","0.51","250.00","15.40","200.00","19.90","320.70","1.30","200.00","0.29","6.37","6.88","0.23","0.27","0.19","358.10","5.29","0.06","0.17","0.06","-0.01","-0.04","2.01","-0.4","1.57","1.4","0.00","0.0","-0.10"
00:13:49,"8,754.38","-4,258.11","256.41",On,"260.20","1.5","60.000000","60.000000","100.000000","100.000000","95.000000","95.000000","0.00","0.00","5.00","5.00","0.000000","0.0","0.000000","0.0","1,305.00","14.20","6.74","6.74","7.46","7.46","0.51","250.00","15.40","200.00","19.90","320.70","1.30","200.00","0.29","6.38","6.89","0.23","0.27","0.20","358.06","5.30","0.05","0.17","0.06","0.00","0.02","1.94","-0.3","1.60","2.3","0.00","-0.0","-0.08"
00:13:50,"8,747.62","-4,259.50","256.44",On,"260.20","1.3","60.000000","60.000000","100.000000","100.000000","95.000000","95.000000","0.00","0.00","5.00","5.00","0.000000","0.0","0.000000","0.0","1,312.00","14.20","6.73","6.73","7.47","7.47","0.51","250.00","15.40","200.00","19.90","320.80","1.30","200.00","0.30","6.39","6.90","0.24","0.27","0.21","358.02","5.31","0.05","0.18","0.06","0.01","-0.02","1.87","-0.3","1.64","3.0","0.00","-0.1","-0.08"
00:13:51,"8,740.85","-4,260.88","256.46",On,"260.20","1.2","60.000000","60.000000","100.000000","100.000000","95.000000","95.000000","0.00","0.00","5.00","5.00","0.000000","0.0","0.000000","0.0","1,319.00","14.20","6.74","6.73","7.46","7.47","0.51","250.00","15.40","200.00","19.90","320.80","1.30","200.00","0.31","6.40","6.91","0.25","0.28","0.22","357.94","5.32","0.05","0.18","0.06","0.01","0.00","1.80","-0.3","1.66","1.0","0.00","0.0","-0.08"
00:13:52,"8,734.06","-4,262.25","256.48",On,"260.20","1.0","60.000000","60.000000","100.000000","100.000000","95.000000","95.000000","0.00","0.00","5.00","5.00","0.000000","0.0","0.000000","0.0","1,325.00","14.20","6.73","6.72","7.47","7.48","0.51","250.00","15.40","200.00","19.91","320.80","1.30","200.00","0.31","6.41","6.92","0.26","0.28","0.23","357.90","5.32","0.05","0.19","0.05","0.01","-0.01","1.73","-0.3","1.69","2.0","0.00","-0.0","-0.09"
00:13:53,"8,727.27","-4,263.62","256.49",On,"260.20","0.9","60.000000","60.000000","100.000000","100.000000","95.000000","95.000000","0.00","0.00","5.00","5.00","0.000000","0.0","0.000000","0.0","1,332.00","14.20","6.76","6.75","7.44","7.45","0.51","250.00","15.40","200.00","19.91","320.80","1.30","200.00","0.32","6.42","6.93","0.26","0.28","0.24","357.85","5.33","0.05","0.19","0.05","-0.01","0.01","1.66","-0.3","1.72","1.5","0.00","-0.0","-0.10"
00:13:54,"8,720.46","-4,264.98","256.51",On,"261.20","0.8","60.000000","60.000000","100.000000","100.000000","95.000000","95.000000","0.00","0.00","5.00","5.00","0.000000","0.0","0.000000","0.0","1,339.00","14.20","6.75","6.75","7.45","7.45","0.51","250.00","15.40","200.00","19.91","320.80","1.30","200.00","0.33","6.43","6.94","0.27","0.29","0.25","357.79","5.34","0.05","0.20","0.05","0.00","0.01","1.60","-0.3","1.74","0.8","0.00","0.0","-0.11"
00:13:55,"8,713.65","-4,266.33","256.52",On,"262.20","0.4","60.000000","60.000000","100.000000","100.000000","95.000000","95.000000","0.00","0.00","3.00","3.00","0.000000","0.0","0.000000","0.0","1,346.00","14.20","6.74","6.73","7.46","7.47","0.51","250.00","15.40","200.00","19.91","320.90","1.30","200.00","0.33","6.44","6.95","0.28","0.29","0.27","357.75","5.35","0.05","0.20","0.04","0.02","0.07","1.53","-0.3","1.75","1.2","0.00","-0.0","-0.07"
00:13:56,"8,706.82","-4,267.68","256.52",On,"262.20","-0.2","60.000000","60.000000","100.000000","100.000000","95.000000","95.000000","0.00","0.00","4.00","4.00","0.000000","0.0","0.000000","0.0","1,353.00","14.20","6.74","6.74","7.46","7.46","0.51","250.00","15.40","200.00","19.91","320.90","1.30","200.00","0.34","6.45","6.96","0.29","0.28","0.29","357.67","5.35","0.05","0.21","0.05","0.00","-0.03","1.46","-0.6","1.76","0.4","0.00","-0.0","-0.10"
00:13:57,"8,699.98","-4,269.02","256.51",On,"262.20","-0.3","60.000000","60.000000","100.000000","100.000000","95.000000","95.000000","0.00","0.00","5.00","5.00","0.000000","0.0","0.000000","0.0","1,360.00","14.20","6.74","6.74","7.46","7.46","0.51","250.00","15.40","200.00","19.92","320.90","1.30","200.00","0.35","6.46","6.97","0.29","0.28","0.30","357.62","5.36","0.05","0.22","0.04","0.01","0.01","1.39","-0.5","1.77","0.7","0.00","-0.0","-0.09"
00:13:58,"8,693.13","-4,270.36","256.51",On,"262.20","-0.1","60.000000","60.000000","100.000000","100.000000","95.000000","95.000000","0.00","0.00","6.00","6.00","0.000000","0.0","0.000000","0.0","1,367.00","14.20","6.76","6.75","7.44","7.45","0.51","250.00","15.40","200.00","19.92","321.00","1.30","200.00","0.35","6.47","6.98","0.29","0.29","0.30","357.59","5.37","0.05","0.22","0.04","-0.00","-0.04","1.31","-0.3","1.79","1.6","0.00","-0.0","-0.11"
00:13:59,"8,686.27","-4,271.70","256.51",On,"262.20","0.1","60.000000","60.000000","100.000000","100.000000","95.000000","95.000000","0.00","0.00","7.00","7.00","0.000000","0.0","0.000000","0.0","1,374.00","14.20","6.73","6.72","7.47","7.48","0.51","250.00","15.40","200.00","19.93","321.00","1.30","200.00","0.35","6.48","6.98","0.30","0.30","0.29","357.58","5.37","0.05","0.23","0.03","0.02","0.03","1.25","-0.0","1.82","1.7","0.00","-0.0","-0.07"
00:14:00,"8,679.41","-4,273.05","256.51",On,"262.20","0.3","60.000000","60.000000","100.000000","100.000000","95.000000","95.000000","0.00","0.00","7.00","7.00","0.000000","0.0","0.000000","0.0","1,381.00","14.20","6.73","6.73","7.47","7.47","0.51","250.00","15.40","200.00","19.93","321.00","1.30","200.00","0.35","6.49","6.99","0.30","0.30","0.29","357.57","5.38","0.04","0.23","0.03","0.01","-0.04","1.19","0.2","1.85","2.7","0.00","-0.0","-0.09"
00:14:01,"8,672.53","-4,274.39","256.52",On,"262.20","0.6","60.000000","60.000000","101.000000","100.000000","95.000000","95.000000","0.00","0.00","7.00","7.00","0.000000","0.0","0.000000","0.0","1,388.00","14.20","6.72","6.71","7.48","7.49","0.51","250.00","15.40","200.00","19.94","321.00","1.30","200.00","0.36","6.49","7.00","0.30","0.31","0.28","357.54","5.39","0.04","0.23","0.03","0.02","0.03","1.14","0.3","1.89","2.1","0.00","0.0","-0.07"
00:14:02,"8,665.65","-4,275.73","256.53",On,"262.20","0.8","60.000000","60.000000","101.000000","100.000000","95.000000","95.000000","0.00","0.00","7.00","7.00","0.000000","0.0","0.000000","0.0","1,395.00","14.20","6.75","6.75","7.45","7.45","0.51","250.00","15.40","200.00","19.94","321.00","1.30","200.00","0.36","6.50","7.01","0.30","0.32","0.28","357.54","5.39","0.04","0.23","0.02","-0.01","-0.01","1.09","0.3","1.92","1.4","0.00","0.0","-0.09"
00:14:03,"8,658.76","-4,277.07","256.55",On,"262.20","1.0","60.000000","60.000000","101.000000","100.000000","95.000000","95.000000","0.00","0.00","7.00","7.00","0.000000","0.0","0.000000","0.0","1,402.00","14.20","6.73","6.72","7.47","7.48","0.51","250.00","15.40","200.00","19.95","321.00","1.30","200.00","0.36","6.51","7.02","0.30","0.32","0.28","357.55","5.40","0.04","0.23","0.02","0.02","0.01","1.05","0.3","1.95","1.9","0.00","-0.0","-0.08"
00:14:04,"8,651.86","-4,278.40","256.56",On,"262.20","1.1","60.000000","60.000000","101.000000","100.000000","95.000000","95.000000","0.00","0.00","7.00","7.00","0.000000","0.0","0.000000","0.0","1,409.00","14.20","6.77","6.76","7.43","7.44","0.51","250.00","15.40","200.00","19.95","321.00","1.30","200.00","0.37","6.52","7.03","0.31","0.33","0.28","357.51","5.41","0.04","0.23","0.02","-0.01","-0.00","1.01","0.3","1.97","0.4","0.00","0.1","-0.10"
00:14:05,"8,644.95","-4,279.74","256.58",On,"262.20","1.2","60.000000","60.000000","101.000000","100.000000","95.000000","95.000000","0.00","0.00","7.00","7.00","0.000000","0.0","0.000000","0.0","1,416.00","14.20","6.74","6.73","7.46","7.47","0.51","250.00","15.40","200.00","19.95","321.00","1.30","200.00","0.36","6.53","7.03","0.30","0.33","0.27","357.51","5.41","0.04","0.23","0.02","0.01","-0.02","0.98","0.2","1.98","1.0","0.00","-0.0","-0.09"
00:14:06,"8,638.03","-4,281.07","256.60",On,"262.20","1.3","60.000000","60.000000","101.000000","100.000000","95.000000","95.000000","0.00","0.00","7.00","7.00","0.000000","0.0","0.000000","0.0","1,423.00","14.20","6.73","6.72","7.47","7.48","0.51","250.00","15.40","200.00","19.96","321.00","1.30","200.00","0.36","6.53","7.04","0.31","0.34","0.27","357.52","5.42","0.04","0.23","0.02","0.02","0.05","0.95","0.2","2.00","0.8","0.00","-0.0","-0.06"
00:14:07,"8,631.11","-4,282.41","256.62",On,"262.20","1.3","60.000000","60.000000","101.000000","100.000000","95.000000","95.000000","0.00","0.00","7.00","7.00","0.000000","0.0","0.000000","0.0","1,430.00","14.20","6.73","6.72","7.47","7.48","0.51","250.00","15.40","200.00","19.96","321.00","1.30","200.00","0.37","6.54","7.05","0.31","0.34","0.27","357.51","5.42","0.04","0.23","0.02","0.01","-0.08","0.93","0.2","2.00","-0.4","0.00","0.0","-0.09"
00:14:08,"8,624.18","-4,283.74","256.65",On,"262.20","1.4","60.000000","60.000000","101.000000","100.000000","95.000000","95.000000","0.00","0.00","7.00","7.00","0.000000","0.0","0.000000","0.0","1,437.00","14.20","6.74","6.73","7.46","7.47","0.51","250.00","15.40","200.00","19.97","321.00","1.30","200.00","0.36","6.55","7.06","0.30","0.34","0.27","357.51","5.43","0.04","0.23","0.02","0.01","0.03","0.90","0.1","2.00","0.6","0.00","-0.0","-0.08"
00:14:09,"8,617.24","-4,285.07","256.67",On,"262.20","1.4","60.000000","60.000000","101.000000","100.000000","95.000000","95.000000","0.00","0.00","8.00","8.00","0.000000","0.0","0.000000","0.0","1,444.00","14.20","6.74","6.73","7.46","7.47","0.51","250.00","15.40","200.00","19.97","321.00","1.30","200.00","0.37","6.56","7.06","0.31","0.34","0.27","357.52","5.44","0.04","0.23","0.02","0.01","-0.00","0.88","0.1","2.01","0.1","0.00","-0.0","-0.09"
00:14:10,"8,610.29","-4,286.40","256.69",On,"262.20","1.5","60.000000","60.000000","101.000000","100.000000","95.000000","95.000000","0.00","0.00","8.00","8.00","0.000000","0.0","0.000000","0.0","1,451.00","14.20","6.74","6.73","7.46","7.47","0.51","250.00","15.40","200.00","19.97","321.00","1.30","200.00","0.37","6.57","7.07","0.31","0.34","0.27","357.52","5.44","0.04","0.23","0.02","0.01","0.03","0.86","0.1","2.00","-0.7","0.00","0.1","-0.08"
00:14:11,"8,603.33","-4,287.73","256.72",On,"262.20","1.5","60.000000","60.000000","101.000000","100.000000","95.000000","95.000000","0.00","0.00","8.00","8.00","0.000000","0.0","0.000000","0.0","1,459.00","14.20","6.74","6.74","7.46","7.46","0.51","250.00","15.40","200.00","19.98","321.00","1.30","200.00","0.36","6.57","7.08","0.30","0.34","0.26","357.52","5.45","0.04","0.23","0.02","0.01","-0.01","0.84","0.1","2.00","0.4","0.00","-0.0","-0.10"
00:14:12,"8,596.37","-4,289.06","256.74",On,"262.20","1.6","60.000000","60.000000","101.000000","100.000000","95.000000","95.000000","0.00","0.00","8.00","8.00","0.000000","0.0","0.000000","0.0","1,466.00","14.20","6.76","6.75","7.44","7.45","0.51","250.00","15.40","200.00","19.98","321.00","1.30","200.00","0.36","6.58","7.09","0.30","0.34","0.26","357.55","5.45","0.04","0.23","0.01","-0.00","0.01","0.83","0.1","2.00","0.1","0.00","-0.0","-0.10"
00:14:13,"8,589.40","-4,290.39","256.77",On,"262.20","1.6","60.000000","60.000000","101.000000","100.000000","95.000000","95.000000","0.00","0.00","8.00","8.00","0.000000","0.0","0.000000","0.0","1,473.00","14.20","6.77","6.76","7.43","7.44","0.51","250.00","15.40","200.00","19.99","321.00","1.30","200.00","0.36","6.59","7.09","0.30","0.34","0.26","357.55","5.46","0.04","0.23","0.01","-0.00","-0.01","0.81","0.1","2.00","0.2","0.00","-0.0","-0.11"
00:14:14,"8,582.42","-4,291.71","256.80",On,"262.20","1.7","60.000000","60.000000","101.000000","101.000000","95.000000","95.000000","0.00","0.00","8.00","8.00","0.000000","0.0","0.000000","0.0","1,480.00","14.20","6.75","6.74","7.45","7.46","0.51","250.00","15.40","200.00","19.99","321.00","1.30","200.00","0.36","6.59","7.10","0.30","0.34","0.26","357.56","5.46","0.04","0.23","0.01","0.02","0.02","0.80","0.1","2.00","0.1","0.00","-0.0","-0.09"
00:14:15,"8,575.43","-4,293.04","256.83",On,"262.20","1.8","60.000000","60.000000","101.000000","100.000000","95.000000","95.000000","0.00","0.00","8.00","8.00","0.000000","0.0","0.000000","0.0","1,487.00","14.20","6.76","6.75","7.44","7.45","0.51","250.00","15.40","200.00","19.99","321.00","1.30","200.00","0.36","6.60","7.11","0.30","0.34","0.26","357.57","5.47","0.03","0.23","0.01","0.01","-0.03","0.79","0.1","2.00","-0.4","0.00","0.0","-0.10"
00:14:16,"8,568.44","-4,294.37","256.86",On,"262.20","1.8","60.000000","60.000000","101.000000","101.000000","95.000000","95.000000","0.00","0.00","8.00","8.00","0.000000","0.0","0.000000","0.0","1,494.00","14.20","6.74","6.74","7.46","7.46","0.51","250.00","15.40","200.00","20.00","321.00","1.30","200.00","0.36","6.61","7.11","0.30","0.34","0.25","357.58","5.48","0.03","0.23","0.01","0.02","0.01","0.78","0.1","2.00","0.2","0.00","0.0","-0.09"
00:14:17,"8,561.44","-4,295.69","256.89",On,"262.20","1.9","60.000000","60.000000","101.000000","101.000000","95.000000","95.000000","0.00","0.00","8.00","8.00","0.000000","0.0","0.000000","0.0","1,501.00","14.20","6.75","6.74","7.45","7.46","0.51","250.00","15.40","200.00","20.00","321.00","1.30","200.00","0.36","6.61","7.12","0.30","0.34","0.25","357.58","5.48","0.03","0.23","0.01","0.01","0.01","0.77","0.1","2.00","-0.1","0.00","0.0","-0.10"
00:14:18,"8,554.44","-4,297.02","256.92",On,"262.20","1.9","60.000000","60.000000","101.000000","101.000000","95.000000","95.000000","0.00","0.00","8.00","8.00","0.000000","0.0","0.000000","0.0","1,508.00","14.20","6.74","6.74","7.46","7.46","0.51","250.00","15.40","200.00","20.00","320.90","1.30","200.00","0.36","6.62","7.13","0.29","0.34","0.25","357.61","5.49","0.03","0.23","0.01","0.01","0.01","0.76","0.1","2.00","0.9","0.00","-0.1","-0.09"
00:14:19,"8,547.42","-4,298.34","256.95",On,"262.20","2.0","60.000000","60.000000","101.000000","101.000000","95.000000","95.000000","0.00","0.00","8.00","8.00","0.000000","0.0","0.000000","0.0","1,515.00","14.20","6.75","6.74","7.45","7.46","0.51","250.00","15.40","200.00","20.01","320.90","1.30","200.00","0.36","6.63","7.13","0.29","0.34","0.24","357.63","5.49","0.03","0.23","0.01","0.01","-0.01","0.76","0.1","2.00","0.6","0.00","-0.0","-0.09"
00:14:20,"8,540.40","-4,299.66","256.99",On,"262.20","2.1","60.000000","60.000000","101.000000","101.000000","95.000000","95.000000","0.00","0.00","8.00","8.00","0.000000","0.0","0.000000","0.0","1,523.00","14.20","6.74","6.73","7.46","7.47","0.51","250.00","15.40","200.00","20.01","320.90","1.30","200.00","0.36","6.63","7.14","0.30","0.35","0.24","357.63","5.50","0.03","0.22","0.01","0.01","0.00","0.75","0.1","2.00","-0.6","0.00","0.0","-0.09"
00:14:21,"8,533.38","-4,300.98","257.02",On,"262.20","2.1","60.000000","60.000000","101.000000","101.000000","95.000000","95.000000","0.00","0.00","8.00","8.00","0.000000","0.0","0.000000","0.0","1,530.00","14.20","6.78","6.77","7.42","7.43","0.51","250.00","15.40","200.00","20.01","320.90","1.30","200.00","0.35","6.64","7.15","0.29","0.34","0.24","357.65","5.50","0.03","0.22","0.01","-0.01","-0.01","0.75","0.1","2.00","0.3","0.00","-0.0","-0.12"
00:14:22,"8,526.34","-4,302.30","257.06",On,"262.20","2.2","60.000000","60.000000","101.000000","101.000000","95.000000","95.000000","0.00","0.00","8.00","8.00","0.000000","0.0","0.000000","0.0","1,537.00","14.20","6.73","6.72","7.47","7.48","0.51","250.00","15.40","200.00","20.02","320.90","1.30","200.00","0.35","6.65","7.15","0.29","0.34","0.23","357.67","5.51","0.03","0.22","0.01","0.02","0.01","0.75","0.1","2.00","0.5","0.00","-0.0","-0.09"
00:14:23,"8,519.30","-4,303.62","257.09",On,"262.20","2.2","60.000000","60.000000","101.000000","101.000000","95.000000","95.000000","0.00","0.00","8.00","8.00","0.000000","0.0","0.000000","0.0","1,544.00","14.20","6.76","6.75","7.44","7.45","0.51","250.00","15.40","200.00","20.02","320.90","1.30","200.00","0.35","6.65","7.16","0.29","0.35","0.24","357.68","5.51","0.03","0.22","0.01","-0.00","0.01","0.74","0.1","2.00","-0.5","0.00","0.0","-0.09"
00:14:24,"8,512.26","-4,304.93","257.13",On,"262.20","2.3","60.000000","60.000000","101.000000","101.000000","95.000000","95.000000","0.00","0.00","8.00","8.00","0.000000","0.0","0.000000","0.0","1,551.00","14.20","6.72","6.71","7.48","7.49","0.51","250.00","15.40","200.00","20.02","320.80","1.30","200.00","0.35","6.66","7.17","0.29","0.34","0.23","357.69","5.52","0.03","0.22","0.01","0.02","-0.02","0.74","0.1","2.00","0.3","0.00","-0.0","-0.07"
00:14:25,"8,505.20","-4,306.25","257.17",On,"262.20","2.3","60.000000","60.000000","101.000000","101.000000","95.000000","95.000000","0.00","0.00","8.00","8.00","0.000000","0.0","0.000000","0.0","1,558.00","14.20","6.74","6.73","7.46","7.47","0.51","250.00","15.40","200.00","20.02","320.80","1.30","200.00","0.35","6.67","7.17","0.29","0.34","0.23","357.71","5.52","0.03","0.22","0.01","0.00","0.02","0.74","0.1","2.01","0.1","0.00","-0.0","-0.08"
00:14:26,"8,498.14","-4,307.56","257.21",On,"262.20","2.4","60.000000","60.000000","101.000000","101.000000","95.000000","95.000000","0.00","0.00","8.00","8.00","0.000000","0.0","0.000000","0.0","1,565.00","14.20","6.75","6.74","7.45","7.46","0.51","250.00","15.40","200.00","20.03","320.80","1.30","200.00","0.35","6.67","7.18","0.29","0.34","0.23","357.71","5.53","0.03","0.22","0.02","-0.00","-0.05","0.75","0.1","2.00","-0.4","0.00","0.0","-0.11"
00:14:27,"8,491.08","-4,308.87","257.25",On,"262.20","2.4","60.000000","60.000000","101.000000","101.000000","95.000000","95.000000","0.00","0.00","8.00","8.00","0.000000","0.0","0.000000","0.0","1,573.00","14.20","6.75","6.74","7.45","7.46","0.51","250.00","15.40","200.00","20.03","320.80","1.30","200.00","0.35","6.68","7.18","0.28","0.34","0.22","357.72","5.53","0.03","0.22","0.01","0.01","0.06","0.75","0.1","2.00","0.2","0.00","-0.0","-0.09"
00:14:28,"8,484.01","-4,310.17","257.29",On,"262.20","2.5","60.000000","60.000000","101.000000","101.000000","95.000000","95.000000","0.00","0.00","8.00","8.00","0.000000","0.0","0.000000","0.0","1,580.00","14.20","6.78","6.77","7.42","7.43","0.51","250.00","15.40","200.00","20.03","320.80","1.30","200.00","0.35","6.68","7.19","0.28","0.34","0.22","357.75","5.53","0.03","0.22","0.02","-0.01","-0.04","0.75","0.1","2.00","0.0","0.00","-0.0","-0.12"
00:14:29,"8,476.93","-4,311.48","257.33",On,"262.20","2.6","60.000000","60.000000","102.000000","101.000000","95.000000","95.000000","0.00","0.00","8.00","8.00","0.000000","0.0","0.000000","0.0","1,587.00","14.20","6.74","6.73","7.46","7.47","0.51","250.00","15.40","200.00","20.03","320.70","1.30","200.00","0.35","6.69","7.19","0.28","0.34","0.22","357.76","5.54","0.03","0.21","0.01","0.02","0.06","0.75","0.1","2.00","0.1","0.00","-0.0","-0.07"
00:14:30,"8,469.84","-4,312.78","257.38",On,"262.20","2.6","60.000000","60.000000","102.000000","101.000000","95.000000","95.000000","0.00","0.00","8.00","8.00","0.000000","0.0","0.000000","0.0","1,594.00","14.20","6.76","6.75","7.44","7.45","0.51","250.00","15.40","200.00","20.03","320.70","1.30","200.00","0.34","6.70","7.20","0.28","0.34","0.21","357.76","5.54","0.03","0.21","0.02","0.00","-0.06","0.76","0.1","1.99","-0.1","0.00","0.0","-0.11"
00:14:31,"8,462.75","-4,314.08","257.42",On,"262.20","2.6","60.000000","60.000000","101.000000","101.000000","95.000000","95.000000","0.00","0.00","8.00","8.00","0.000000","0.0","0.000000","0.0","1,601.00","14.20","6.76","6.75","7.44","7.45","0.51","250.00","15.40","200.00","20.04","320.70","1.30","200.00","0.34","6.70","7.21","0.28","0.34","0.21","357.79","5.55","0.03","0.21","0.02","0.01","0.02","0.76","0.1","1.99","-0.2","0.00","0.0","-0.10"
00:14:32,"8,455.65","-4,315.38","257.46",On,"262.20","2.7","60.000000","60.000000","102.000000","101.000000","95.000000","95.000000","0.00","0.00","8.00","8.00","0.000000","0.0","0.000000","0.0","1,609.00","14.20","6.78","6.77","7.42","7.43","0.51","250.00","15.40","200.00","20.04","320.70","1.30","200.00","0.34","6.71","7.21","0.28","0.34","0.21","357.80","5.55","0.03","0.21","0.02","-0.00","-0.02","0.77","0.1","1.99","-0.1","0.00","0.0","-0.11"
00:14:33,"8,448.55","-4,316.67","257.51",On,"262.20","2.7","60.000000","60.000000","102.000000","101.000000","95.000000","95.000000","0.00","0.00","8.00","8.00","0.000000","0.0","0.000000","0.0","1,616.00","14.20","6.74","6.73","7.46","7.47","0.51","250.00","15.40","200.00","20.04","320.60","1.30","200.00","0.34","6.71","7.22","0.28","0.34","0.21","357.80","5.56","0.03","0.21","0.02","0.02","0.01","0.77","0.1","1.98","-0.5","0.00","0.0","-0.09"
00:14:34,"8,441.44","-4,317.96","257.56",On,"262.20","2.8","60.000000","60.000000","102.000000","101.000000","95.000000","95.000000","0.00","0.00","8.00","8.00","0.000000","0.0","0.000000","0.0","1,623.00","14.20","6.75","6.74","7.45","7.46","0.51","250.00","15.40","200.00","20.04","320.60","1.30","200.00","0.34","6.72","7.22","0.27","0.34","0.20","357.84","5.56","0.03","0.21","0.02","0.01","-0.01","0.78","0.1","1.98","0.4","0.00","-0.1","-0.10"
00:14:35,"8,434.33","-4,319.25","257.60",On,"262.20","2.8","60.000000","60.000000","102.000000","101.000000","95.000000","95.000000","0.00","0.00","8.00","8.00","0.000000","0.0","0.000000","0.0","1,630.00","14.20","6.76","6.75","7.44","7.45","0.51","250.00","15.40","200.00","20.04","320.60","1.30","200.00","0.34","6.72","7.23","0.27","0.34","0.20","357.85","5.57","0.03","0.21","0.02","0.00","-0.02","0.79","0.1","1.98","0.2","0.00","-0.0","-0.12"
00:14:36,"8,427.21","-4,320.54","257.65",On,"262.20","2.9","60.000000","60.000000","102.000000","101.000000","95.000000","95.000000","0.00","0.00","8.00","8.00","0.000000","0.0","0.000000","0.0","1,638.00","14.20","6.78","6.77","7.42","7.43","0.51","250.00","15.40","200.00","20.04","320.50","1.30","200.00","0.34","6.73","7.23","0.27","0.34","0.20","357.86","5.57","0.03","0.20","0.02","-0.00","0.01","0.79","0.1","1.99","-0.0","0.00","-0.0","-0.12"
00:14:37,"8,420.08","-4,321.82","257.70",On,"258.20","2.9","60.000000","60.000000","102.000000","101.000000","95.000000","95.000000","0.00","0.00","7.00","7.00","0.000000","0.0","0.000000","0.0","1,645.00","14.20","6.77","6.75","7.43","7.45","0.51","250.00","15.40","200.00","20.04","320.50","1.30","200.00","0.34","6.73","7.24","0.27","0.34","0.19","357.87","5.57","0.03","0.20","0.02","0.01","0.02","0.80","0.1","1.98","0.2","0.00","-0.0","-0.10"
00:14:38,"8,412.95","-4,323.09","257.74",On,"257.20","2.4","60.000000","60.000000","102.000000","101.000000","95.000000","95.000000","0.00","0.00","5.00","5.00","0.000000","0.0","0.000000","0.0","1,652.00","14.20","6.75","6.74","7.45","7.46","0.51","250.00","15.40","200.00","20.04","320.50","1.30","200.00","0.34","6.74","7.24","0.27","0.33","0.21","357.86","5.58","0.03","0.20","0.02","0.01","0.00","0.81","-0.2","1.97","-0.7","0.00","-0.0","-0.09"
00:14:39,"8,405.80","-4,324.36","257.77",On,"257.20","1.4","60.000000","60.000000","102.000000","101.000000","95.000000","95.000000","0.00","0.00","3.00","3.00","0.000000","0.0","0.000000","0.0","1,659.00","14.20","6.76","6.75","7.44","7.45","0.51","250.00","15.40","200.00","20.04","320.50","1.30","200.00","0.35","6.75","7.25","0.28","0.32","0.25","357.81","5.58","0.03","0.21","0.03","0.01","-0.03","0.80","-0.6","1.94","-2.7","0.00","0.1","-0.10"
00:14:40,"8,398.65","-4,325.61","257.79",On,"257.20","0.1","60.000000","60.000000","102.000000","101.000000","95.000000","95.000000","0.00","0.00","1.00","1.00","0.000000","0.0","0.000000","0.0","1,667.00","14.20","6.75","6.74","7.45","7.46","0.51","250.00","15.40","200.00","20.04","320.50","1.30","200.00","0.36","6.75","7.26","0.30","0.30","0.29","357.72","5.59","0.03","0.21","0.04","0.01","-0.01","0.78","-1.3","1.89","-3.7","0.00","0.1","-0.09"
00:14:41,"8,391.50","-4,326.85","257.77",On,"257.20","-1.7","60.000000","60.000000","102.000000","101.000000","95.000000","95.000000","0.00","0.00","359.00","359.00","0.000000","0.0","0.000000","0.0","1,674.00","14.20","6.75","6.74","7.45","7.46","0.51","250.00","15.40","200.00","20.03","320.60","1.30","200.00","0.38","6.75","7.26","0.31","0.27","0.35","357.62","5.59","0.03","0.22","0.04","0.01","-0.02","0.74","-1.9","1.84","-3.7","0.00","-0.0","-0.11"
00:14:42,"8,384.33","-4,328.09","257.73",On,"255.20","-3.0","60.000000","60.000000","102.000000","102.000000","95.000000","95.000000","0.00","0.00","0.00","0.00","0.000000","0.0","0.000000","0.0","1,681.00","14.20","6.77","6.76","7.43","7.44","0.51","250.00","15.40","200.00","20.03","320.60","1.30","200.00","0.39","6.76","7.27","0.32","0.25","0.40","357.50","5.59","0.03","0.24","0.04","0.00","0.02","0.68","-2.2","1.79","-3.5","0.00","0.0","-0.10"
00:14:43,"8,377.16","-4,329.32","257.67",On,"255.20","-4.3","60.000000","60.000000","101.000000","102.000000","95.000000","95.000000","0.00","0.00","359.00","359.00","0.000000","0.0","0.000000","0.0","1,688.00","14.20","6.75","6.74","7.45","7.46","0.51","250.00","15.40","200.00","20.03","320.70","1.30","200.00","0.40","6.76","7.27","0.33","0.23","0.44","357.41","5.60","0.02","0.25","0.04","0.01","-0.02","0.59","-2.2","1.74","-2.1","0.00","0.0","-0.12"
00:14:44,"8,369.99","-4,330.54","257.59",On,"255.20","-5.4","60.000000","60.000000","101.000000","102.000000","95.000000","95.000000","0.00","0.00","359.00","359.00","0.000000","0.0","0.000000","0.0","1,696.00","14.20","6.80","6.79","7.40","7.41","0.51","250.00","15.40","200.00","20.03","320.80","1.30","200.00","0.41","6.77","7.27","0.35","0.22","0.48","357.32","5.60","0.02","0.26","0.03","-0.01","0.03","0.49","-2.2","1.72","-0.8","0.00","-0.0","-0.12"
00:14:45,"8,362.81","-4,331.77","257.49",On,"255.20","-6.4","60.000000","60.000000","101.000000","102.000000","95.000000","95.000000","0.00","0.00","359.00","359.00","0.000000","0.0","0.000000","0.0","1,703.00","14.20","6.76","6.75","7.44","7.45","0.51","250.00","15.40","200.00","20.03","320.90","1.30","200.00","0.43","6.77","7.28","0.36","0.20","0.52","357.20","5.60","0.02","0.27","0.03","0.02","0.01","0.38","-2.1","1.72","0.6","0.00","-0.0","-0.11"
00:14:46,"8,355.62","-4,332.99","257.38",On,"255.20","-7.3","60.000000","60.000000","101.000000","102.000000","95.000000","95.000000","0.00","0.00","359.00","359.00","0.000000","0.0","0.000000","0.0","1,710.00","14.20","6.77","6.75","7.43","7.45","0.51","250.00","15.40","200.00","20.04","321.00","1.30","200.00","0.44","6.77","7.28","0.37","0.20","0.56","357.09","5.61","0.02","0.28","0.02","0.01","0.05","0.26","-1.9","1.74","1.8","0.00","0.0","-0.10"
00:14:47,"8,348.43","-4,334.22","257.25",On,"255.20","-8.0","60.000000","60.000000","101.000000","102.000000","95.000000","95.000000","0.00","0.00","359.00","359.00","0.000000","0.0","0.000000","0.0","1,717.00","14.20","6.77","6.76","7.43","7.44","0.51","250.00","15.40","200.00","20.04","321.10","1.30","200.00","0.45","6.78","7.28","0.39","0.20","0.59","356.99","5.61","0.02","0.30","0.02","0.01","-0.06","0.13","-1.6","1.78","2.5","0.00","0.0","-0.12"
00:14:48,"8,341.24","-4,335.45","257.11",On,"255.20","-8.5","60.000000","60.000000","101.000000","102.000000","95.000000","95.000000","0.00","0.00","0.00","0.00","0.000000","0.0","0.000000","0.0","1,725.00","14.20","6.77","6.76","7.43","7.44","0.51","250.00","15.40","200.00","20.04","321.30","1.30","200.00","0.47","6.78","7.29","0.40","0.20","0.62","356.87","5.61","0.02","0.31","0.01","0.01","0.01","359.99","-1.4","1.83","3.5","0.00","0.0","-0.12"
00:14:49,"8,334.05","-4,336.68","256.97",On,"255.20","-9.0","60.000000","60.000000","101.000000","103.000000","95.000000","95.000000","0.00","0.00","0.00","0.00","0.000000","0.0","0.000000","0.0","1,732.00","14.20","6.79","6.78","7.41","7.42","0.51","250.00","15.40","200.00","20.05","321.40","1.30","200.00","0.48","6.78","7.29","0.42","0.20","0.65","356.74","5.61","0.02","0.32","0.01","-0.00","-0.03","359.86","-1.2","1.89","3.2","0.00","0.0","-0.13"
00:14:50,"8,326.85","-4,337.91","256.81",On,"255.20","-9.4","60.000000","60.000000","101.000000","103.000000","95.000000","95.000000","0.00","0.00","0.00","0.00","0.000000","0.0","0.000000","0.0","1,739.00","14.20","6.76","6.75","7.44","7.45","0.51","250.00","15.40","200.00","20.05","321.60","1.30","200.00","0.50","6.78","7.29","0.44","0.21","0.67","356.63","5.62","0.02","0.33","0.00","0.03","0.02","359.72","-1.0","1.95","4.0","0.00","-0.0","-0.10"
00:14:51,"8,319.65","-4,339.16","256.65",On,"255.20","-9.7","60.000000","60.000000","102.000000","103.000000","95.000000","95.000000","0.00","0.00","1.00","1.00","0.000000","0.0","0.000000","0.0","1,747.00","14.20","6.78","6.76","7.42","7.44","0.51","250.00","15.40","200.00","20.06","321.70","1.30","200.00","0.51","6.79","7.29","0.45","0.22","0.70","356.52","5.62","0.02","0.35","-0.00","0.01","-0.02","359.58","-0.8","2.02","4.2","0.00","-0.0","-0.12"
00:14:52,"8,312.45","-4,340.40","256.49",On,"255.20","-10.0","60.000000","60.000000","102.000000","103.000000","95.000000","95.000000","0.00","0.00","1.00","1.00","0.000000","0.0","0.000000","0.0","1,754.00","14.20","6.76","6.74","7.44","7.46","0.51","250.00","15.40","200.00","20.06","321.90","1.30","200.00","0.53","6.79","7.29","0.47","0.23","0.72","356.39","5.62","0.02","0.36","-0.01","0.02","0.04","359.45","-0.7","2.08","3.1","0.00","0.0","-0.10"
00:14:53,"8,305.25","-4,341.66","256.32",On,"255.20","-10.2","60.000000","60.000000","102.000000","103.000000","95.000000","95.000000","0.00","0.00","1.00","1.00","0.000000","0.0","0.000000","0.0","1,761.00","14.20","6.78","6.77","7.42","7.43","0.51","250.00","15.40","200.00","20.07","322.00","1.30","200.00","0.54","6.79","7.30","0.48","0.23","0.74","356.27","5.62","0.02","0.37","-0.01","0.01","-0.02","359.31","-0.6","2.14","3.9","0.00","-0.0","-0.12"
00:14:54,"8,298.05","-4,342.92","256.15",On,"255.20","-10.4","60.000000","60.000000","102.000000","103.000000","95.000000","95.000000","0.00","0.00","2.00","2.00","0.000000","0.0","0.000000","0.0","1,769.00","14.20","6.76","6.75","7.44","7.45","0.51","250.00","15.40","200.00","20.08","322.20","1.30","200.00","0.55","6.79","7.30","0.49","0.24","0.76","356.18","5.62","0.02","0.38","-0.02","0.02","0.03","359.18","-0.5","2.20","3.5","0.00","-0.0","-0.10"
00:14:55,"8,290.84","-4,344.19","255.98",On,"255.20","-10.6","60.000000","60.000000","102.000000","103.000000","95.000000","95.000000","0.00","0.00","2.00","2.00","0.000000","0.0","0.000000","0.0","1,776.00","14.20","6.76","6.75","7.44","7.45","0.51","250.00","15.40","200.00","20.08","322.30","1.30","200.00","0.56","6.79","7.30","0.51","0.25","0.78","356.06","5.62","0.02","0.39","-0.02","0.01","0.01","359.05","-0.4","2.25","2.3","0.00","0.0","-0.10"
00:14:56,"8,283.64","-4,345.48","255.80",On,"256.20","-10.7","60.000000","60.000000","102.000000","103.000000","95.000000","95.000000","0.00","0.00","2.00","2.00","0.000000","0.0","0.000000","0.0","1,783.00","14.20","6.74","6.73","7.46","7.47","0.51","250.00","15.40","200.00","20.09","322.50","1.30","200.00","0.57","6.79","7.30","0.52","0.26","0.79","355.98","5.62","0.02","0.40","-0.02","0.02","-0.04","358.93","-0.4","2.29","3.2","0.00","-0.0","-0.10"
00:14:57,"8,276.43","-4,346.77","255.62",On,"256.20","-10.5","60.000000","60.000000","102.000000","103.000000","95.000000","95.000000","0.00","0.00","4.00","4.00","0.000000","0.0","0.000000","0.0","1,790.00","14.20","6.75","6.74","7.45","7.46","0.51","250.00","15.40","200.00","20.10","322.60","1.30","200.00","0.58","6.79","7.30","0.53","0.27","0.79","355.90","5.62","0.01","0.41","-0.03","0.02","0.03","358.81","-0.3","2.34","2.9","0.00","-0.0","-0.08"
00:14:58,"8,269.23","-4,348.08","255.45",On,"256.20","-9.9","60.000000","60.000000","102.000000","103.000000","95.000000","95.000000","0.00","0.00","6.00","6.00","0.000000","0.0","0.000000","0.0","1,798.00","14.20","6.75","6.74","7.45","7.46","0.51","250.00","15.40","200.00","20.11","322.80","1.30","200.00","0.58","6.79","7.30","0.53","0.29","0.78","355.84","5.63","0.01","0.42","-0.04","0.02","-0.06","358.70","0.1","2.39","3.3","0.00","0.0","-0.12"
00:14:59,"8,262.04","-4,349.42","255.29",On,"257.20","-8.9","60.000000","60.000000","102.000000","103.000000","95.000000","95.000000","0.00","0.00","8.00","8.00","0.000000","0.0","0.000000","0.0","1,805.00","14.20","6.79","6.77","7.41","7.43","0.51","250.00","15.40","200.00","20.13","322.90","1.30","200.00","0.57","6.79","7.30","0.53","0.31","0.75","355.85","5.63","0.01","0.42","-0.05","0.00","0.00","358.61","0.7","2.45","4.4","0.00","-0.0","-0.13"
00:15:00,"8,254.84","-4,350.77","255.16",On,"257.20","-7.5","60.000000","60.000000","102.000000","103.000000","95.000000","95.000000","0.00","0.00","10.00","10.00","0.000000","0.0","0.000000","0.0","1,812.00","14.20","6.76","6.75","7.44","7.45","0.51","250.00","15.40","200.00","20.14","323.00","1.30","200.00","0.57","6.79","7.30","0.52","0.34","0.71","355.89","5.63","0.01","0.42","-0.06","0.03","0.03","358.54","1.3","2.53","4.8","0.00","-0.0","-0.10"
00:15:01,"8,247.65","-4,352.15","255.04",On,"257.20","-6.0","60.000000","60.000000","102.000000","103.000000","95.000000","95.000000","0.00","0.00","13.00","13.00","0.000000","0.0","0.000000","0.0","1,820.00","14.20","6.75","6.74","7.45","7.46","0.51","250.00","15.40","200.00","20.16","323.10","1.30","200.00","0.56","6.79","7.30","0.51","0.37","0.67","355.94","5.63","0.01","0.42","-0.07","0.03","0.01","358.49","1.9","2.61","5.2","359.99","-0.0","-0.09"
00:15:02,"8,240.47","-4,353.54","254.96",On,"257.20","-4.4","60.000000","60.000000","102.000000","103.000000","95.000000","95.000000","0.00","0.00","11.00","11.00","0.000000","0.0","0.000000","0.0","1,827.00","14.20","6.73","6.72","7.47","7.48","0.51","250.00","15.40","200.00","20.17","323.10","1.30","200.00","0.55","6.79","7.30","0.51","0.40","0.62","356.00","5.63","0.01","0.41","-0.07","0.03","-0.00","358.47","2.3","2.69","3.6","359.99","0.0","-0.09"
00:15:03,"8,233.29","-4,354.95","254.89",On,"257.20","-3.7","60.000000","60.000000","102.000000","103.000000","95.000000","95.000000","0.00","0.00","9.00","9.00","0.000000","0.0","0.000000","0.0","1,834.00","14.20","6.76","6.75","7.44","7.45","0.51","250.00","15.40","200.00","20.18","323.20","1.30","200.00","0.55","6.80","7.30","0.50","0.41","0.60","356.04","5.63","0.01","0.40","-0.07","0.01","-0.01","358.47","2.0","2.74","2.0","359.99","0.0","-0.10"
00:15:04,"8,226.10","-4,356.37","254.83",On,"256.20","-3.7","60.000000","60.000000","102.000000","103.000000","95.000000","95.000000","0.00","0.00","7.00","7.00","0.000000","0.0","0.000000","0.0","1,842.00","14.20","6.76","6.75","7.44","7.45","0.51","250.00","15.40","200.00","20.19","323.20","1.30","200.00","0.55","6.80","7.31","0.51","0.42","0.60","356.03","5.63","0.01","0.40","-0.07","0.02","-0.01","358.49","1.4","2.75","-0.4","0.00","0.0","-0.11"
00:15:05,"8,218.92","-4,357.79","254.76",On,"256.20","-4.6","60.000000","60.000000","102.000000","103.000000","95.000000","95.000000","0.00","0.00","5.00","5.00","0.000000","0.0","0.000000","0.0","1,849.00","14.20","6.77","6.76","7.43","7.44","0.51","250.00","15.40","200.00","20.19","323.30","1.30","200.00","0.56","6.80","7.31","0.52","0.41","0.63","355.98","5.63","0.01","0.40","-0.05","0.01","-0.02","358.50","0.5","2.71","-4.2","0.00","0.1","-0.11"
00:15:06,"8,211.73","-4,359.22","254.67",On,"256.20","-5.6","60.000000","60.000000","102.000000","103.000000","95.000000","95.000000","0.00","0.00","2.00","2.00","0.000000","0.0","0.000000","0.0","1,856.00","14.20","6.78","6.77","7.42","7.43","0.51","250.00","15.40","200.00","20.20","323.40","1.30","200.00","0.56","6.80","7.31","0.52","0.39","0.66","355.94","5.63","0.01","0.40","-0.05","0.01","0.00","358.49","-0.3","2.63","-4.8","0.00","-0.0","-0.12"
00:15:07,"8,204.54","-4,360.66","254.57",On,"256.20","-6.7","60.000000","60.000000","102.000000","103.000000","95.000000","95.000000","0.00","0.00","3.00","3.00","0.000000","0.0","0.000000","0.0","1,864.00","14.20","6.78","6.77","7.42","7.43","0.51","250.00","15.40","200.00","20.20","323.50","1.30","200.00","0.57","6.80","7.31","0.53","0.36","0.70","355.90","5.63","0.01","0.41","-0.05","0.02","-0.02","358.47","-1.1","2.55","-5.3","0.00","-0.0","-0.12"
00:15:08,"8,197.35","-4,362.10","254.45",On,"256.20","-7.5","60.000000","60.000000","102.000000","103.000000","95.000000","95.000000","0.00","0.00","4.00","4.00","0.000000","0.0","0.000000","0.0","1,871.00","14.20","6.77","6.76","7.43","7.44","0.51","250.00","15.40","200.00","20.21","323.50","1.30","200.00","0.57","6.81","7.31","0.53","0.35","0.72","355.87","5.63","0.01","0.41","-0.05","0.02","0.03","358.44","-1.2","2.46","-6.1","0.00","0.0","-0.11"
00:15:09,"8,190.16","-4,363.56","254.32",On,"256.20","-7.9","60.000000","60.000000","102.000000","103.000000","95.000000","95.000000","0.00","0.00","4.00","4.00","0.000000","0.0","0.000000","0.0","1,878.00","14.20","6.76","6.75","7.44","7.45","0.51","250.00","15.40","200.00","20.22","323.60","1.30","200.00","0.56","6.81","7.31","0.52","0.33","0.72","355.88","5.64","0.01","0.42","-0.05","0.02","-0.01","358.40","-1.1","2.39","-2.6","0.00","-0.1","-0.11"
00:15:10,"8,182.98","-4,365.04","254.19",On,"256.20","-7.9","60.000000","60.000000","102.000000","103.000000","95.000000","95.000000","0.00","0.00","5.00","5.00","0.000000","0.0","0.000000","0.0","1,886.00","14.20","6.77","6.75","7.43","7.45","0.51","250.00","15.40","200.00","20.24","323.70","1.30","200.00","0.56","6.81","7.32","0.52","0.33","0.72","355.91","5.64","0.01","0.42","-0.06","0.02","0.02","358.35","-0.8","2.36","-1.3","359.99","-0.0","-0.11"
00:15:11,"8,175.79","-4,366.54","254.06",On,"258.20","-7.8","60.000000","60.000000","102.000000","103.000000","95.000000","95.000000","0.00","0.00","6.00","6.00","0.000000","0.0","0.000000","0.0","1,893.00","14.20","6.76","6.75","7.44","7.45","0.51","250.00","15.40","200.00","20.25","323.80","1.30","200.00","0.56","6.81","7.32","0.53","0.34","0.72","355.90","5.64","0.01","0.42","-0.06","0.02","-0.01","358.30","-0.4","2.34","-0.8","0.00","0.1","-0.11"
00:15:12,"8,168.62","-4,368.06","253.94",On,"258.20","-7.3","60.000000","60.000000","102.000000","103.000000","95.000000","95.000000","0.00","0.00","8.00","8.00","0.000000","0.0","0.000000","0.0","1,900.00","14.20","6.76","6.75","7.44","7.45","0.51","250.00","15.40","200.00","20.26","323.90","1.30","200.00","0.55","6.81","7.32","0.51","0.34","0.70","355.94","5.64","0.01","0.42","-0.07","0.02","-0.00","358.26","-0.0","2.35","3.0","0.00","-0.0","-0.10"
00:15:13,"8,161.45","-4,369.60","253.82",On,"258.20","-6.4","60.000000","60.000000","102.000000","103.000000","95.000000","95.000000","0.00","0.00","10.00","10.00","0.000000","0.0","0.000000","0.0","1,908.00","14.20","6.74","6.73","7.46","7.47","0.51","250.00","15.40","200.00","20.28","324.00","1.30","200.00","0.54","6.81","7.32","0.51","0.35","0.67","356.01","5.64","0.01","0.41","-0.08","0.03","0.01","358.23","0.5","2.40","3.5","0.00","-0.0","-0.09"
00:15:14,"8,154.28","-4,371.16","253.72",On,"258.20","-5.1","60.000000","60.000000","102.000000","103.000000","95.000000","95.000000","0.00","0.00","10.00","10.00","0.000000","0.0","0.000000","0.0","1,915.00","14.20","6.79","6.77","7.41","7.43","0.51","250.00","15.40","200.00","20.29","324.00","1.30","200.00","0.53","6.81","7.32","0.50","0.38","0.63","356.08","5.64","0.01","0.40","-0.08","-0.00","-0.06","358.22","1.2","2.47","3.4","0.00","0.0","-0.14"
00:15:15,"8,147.11","-4,372.74","253.64",On,"258.20","-4.5","60.000000","60.000000","102.000000","103.000000","95.000000","95.000000","0.00","0.00","8.00","8.00","0.000000","0.0","0.000000","0.0","1,922.00","14.45","6.76","6.74","7.94","7.46","0.51","250.00","15.40","200.00","20.30","324.10","1.30","200.00","0.53","6.81","7.32","0.50","0.39","0.61","356.10","5.64","0.01","0.40","-0.08","0.03","0.05","358.22","1.3","2.52","3.1","0.00","-0.0","-0.09"
00:15:16,"8,139.94","-4,374.32","253.57",On,"258.20","-4.7","60.000000","60.000000","102.000000","103.000000","95.000000","95.000000","0.00","0.00","6.00","6.00","0.000000","0.0","0.000000","0.0","1,930.00","14.45","6.76","6.75","7.94","7.45","0.51","250.00","15.40","200.00","20.31","324.10","1.30","200.00","0.54","6.81","7.32","0.50","0.39","0.62","356.09","5.64","0.01","0.39","-0.07","0.02","-0.03","358.24","1.0","2.55","0.5","0.00","0.0","-0.11"
00:15:17,"8,132.78","-4,375.91","253.49",On,"258.20","-4.9","60.000000","60.000000","102.000000","103.000000","95.000000","95.000000","0.00","0.00","6.00","6.00","0.000000","0.0","0.000000","0.0","1,937.00","14.45","6.74","6.72","7.96","7.48","0.51","250.00","15.40","200.00","20.31","324.20","1.30","200.00","0.54","6.82","7.32","0.51","0.39","0.63","356.06","5.64","0.01","0.40","-0.07","0.03","0.03","358.25","0.1","2.55","-0.6","0.00","0.0","-0.07"
00:15:18,"8,125.61","-4,377.51","253.41",On,"258.20","-4.9","60.000000","60.000000","102.000000","103.000000","95.000000","95.000000","0.00","0.00","7.00","7.00","0.000000","0.0","0.000000","0.0","1,944.00","14.45","6.74","6.73","7.96","7.47","0.51","250.00","15.40","200.00","20.32","324.30","1.30","200.00","0.54","6.82","7.33","0.51","0.39","0.63","356.04","5.64","0.01","0.40","-0.06","0.02","-0.05","358.25","0.2","2.52","-1.6","0.00","0.0","-0.11"
00:15:19,"8,118.45","-4,379.13","253.33",On,"261.20","-4.8","60.000000","60.000000","102.000000","103.000000","95.000000","95.000000","0.00","0.00","6.00","6.00","0.000000","0.0","0.000000","0.0","1,952.00","14.45","6.77","6.76","7.93","7.44","0.51","250.00","15.40","200.00","20.33","324.30","1.30","200.00","0.53","6.82","7.33","0.50","0.39","0.62","356.07","5.64","0.01","0.40","-0.06","0.01","0.02","358.26","0.2","2.50","-1.3","0.00","-0.0","-0.10"
00:15:20,"8,111.29","-4,380.76","253.24",On,"261.20","-4.9","60.000000","60.000000","102.000000","103.000000","95.000000","95.000000","0.00","0.00","8.00","8.00","0.000000","0.0","0.000000","0.0","1,959.00","14.45","6.74","6.73","7.96","7.47","0.51","250.00","15.40","200.00","20.34","324.40","1.30","200.00","0.53","6.82","7.33","0.50","0.38","0.63","356.08","5.65","0.01","0.40","-0.06","0.03","-0.01","358.27","0.1","2.48","-1.2","0.00","-0.1","-0.09"
00:15:21,"8,104.12","-4,382.39","253.17",On,"261.20","-4.0","60.000000","60.000000","102.000000","103.000000","95.000000","95.000000","0.00","0.00","10.00","10.00","0.000000","0.0","0.000000","0.0","1,966.00","14.45","6.77","6.76","7.93","7.44","0.51","250.00","15.40","200.00","20.35","324.50","1.30","200.00","0.53","6.82","7.33","0.50","0.40","0.60","356.08","5.65","0.01","0.39","-0.06","0.01","-0.02","358.28","0.4","2.45","-1.2","0.00","0.0","-0.11"
00:15:22,"8,096.97","-4,384.05","253.11",On,"261.20","-2.9","60.000000","60.000000","102.000000","103.000000","95.000000","95.000000","0.00","0.00","12.00","12.00","0.000000","0.0","0.000000","0.0","1,974.00","14.45","6.77","6.75","7.93","7.45","0.51","250.00","15.40","200.00","20.36","324.50","1.30","200.00","0.51","6.82","7.33","0.48","0.41","0.55","356.21","5.65","0.01","0.39","-0.07","0.02","0.03","358.30","0.8","2.46","1.5","0.00","-0.1","-0.10"
00:15:23,"8,089.82","-4,385.74","253.08",On,"261.20","-1.5","60.000000","60.000000","102.000000","103.000000","95.000000","95.000000","0.00","0.00","14.00","14.00","0.000000","0.0","0.000000","0.0","1,981.00","14.45","6.77","6.75","7.93","7.45","0.51","250.00","15.40","200.00","20.38","324.50","1.30","200.00","0.49","6.82","7.33","0.46","0.43","0.50","356.33","5.65","0.01","0.38","-0.07","0.01","-0.03","358.34","1.5","2.50","2.5","359.99","-0.0","-0.11"
00:15:24,"8,082.67","-4,387.43","253.07",On,"261.20","0.3","60.000000","60.000000","102.000000","103.000000","95.000000","95.000000","0.00","0.00","16.00","16.00","0.000000","0.0","0.000000","0.0","1,988.00","14.45","6.74","6.72","7.96","7.48","0.51","250.00","15.40","200.00","20.39","324.40","1.30","200.00","0.48","6.82","7.33","0.45","0.46","0.44","356.45","5.65","0.01","0.36","-0.08","0.03","0.04","358.40","2.1","2.53","1.5","359.99","0.1","-0.07"
00:15:25,"8,075.53","-4,389.16","253.09",On,"261.20","2.4","60.000000","60.000000","102.000000","102.000000","95.000000","95.000000","0.00","0.00","18.00","18.00","0.000000","0.0","0.000000","0.0","1,996.00","14.45","6.74","6.73","7.96","7.47","0.51","250.00","15.40","200.00","20.40","324.40","1.30","200.00","0.45","6.82","7.33","0.42","0.48","0.36","356.64","5.65","0.01","0.35","-0.08","0.02","-0.03","358.49","2.6","2.59","3.7","359.99","-0.0","-0.08"
00:15:26,"8,068.39","-4,390.89","253.15",On,"261.20","4.7","60.000000","60.000000","102.000000","102.000000","95.000000","95.000000","0.00","0.00","20.00","20.00","0.000000","0.0","0.000000","0.0","2,003.00","14.45","6.72","6.71","7.98","7.49","0.51","250.00","15.40","200.00","20.41","324.30","1.30","200.00","0.43","6.82","7.33","0.40","0.51","0.28","356.81","5.65","0.01","0.33","-0.08","0.02","-0.03","358.60","3.1","2.65","3.3","359.99","0.0","-0.08"
00:15:27,"8,061.26","-4,392.64","253.25",On,"261.20","7.5","60.000000","60.000000","102.000000","102.000000","95.000000","95.000000","0.00","0.00","21.00","21.00","0.000000","0.0","0.000000","0.0","2,010.00","14.45","6.76","6.75","7.94","7.45","0.51","250.00","15.40","200.00","20.42","324.20","1.30","200.00","0.40","6.82","7.33","0.37","0.55","0.18","357.01","5.65","0.00","0.31","-0.08","0.00","-0.01","358.75","3.7","2.69","2.4","0.00","0.0","-0.10"
00:15:28,"8,054.14","-4,394.41","253.39",On,"261.20","9.3","60.000000","60.000000","102.000000","102.000000","95.000000","95.000000","0.00","0.00","18.00","18.00","0.000000","0.0","0.000000","0.0","2,018.00","14.45","6.75","6.73","7.95","7.47","0.51","250.00","15.40","200.00","20.43","324.00","1.30","200.00","0.37","6.82","7.33","0.34","0.57","0.11","357.26","5.65","0.00","0.28","-0.08","0.02","0.05","358.94","3.9","2.73","1.2","359.99","-0.0","-0.09"
00:15:29,"8,047.01","-4,396.17","253.56",On,"261.20","10.3","60.000000","60.000000","102.000000","102.000000","95.000000","95.000000","0.00","0.00","16.00","16.00","0.000000","0.0","0.000000","0.0","2,025.00","14.45","6.78","6.76","7.92","7.44","0.51","250.00","15.40","200.00","20.43","323.90","1.30","200.00","0.36","6.83","7.34","0.33","0.58","0.06","357.40","5.65","0.00","0.26","-0.06","-0.00","-0.06","359.14","3.2","2.72","-2.2","359.99","0.0","-0.13"
00:15:30,"8,039.88","-4,397.93","253.73",On,"261.20","10.9","60.000000","60.000000","102.000000","102.000000","95.000000","95.000000","0.00","0.00","15.00","15.00","0.000000","0.0","0.000000","0.0","2,032.00","14.45","6.76","6.75","7.94","7.45","0.51","250.00","15.40","200.00","20.43","323.70","1.30","200.00","0.34","6.83","7.34","0.31","0.57","0.03","357.53","5.66","0.00","0.24","-0.05","0.02","0.04","359.35","2.4","2.66","-5.4","0.00","0.1","-0.09"
00:15:31,"8,032.74","-4,399.69","253.92",On,"261.20","11.1","60.000000","60.000000","102.000000","102.000000","95.000000","95.000000","0.00","0.00","14.00","14.00","0.000000","0.0","0.000000","0.0","2,040.00","14.45","6.76","6.75","7.94","7.45","0.51","250.00","15.40","200.00","20.42","323.50","1.30","200.00","0.33","6.83","7.34","0.29","0.56","0.01","357.68","5.66","0.01","0.23","-0.03","0.01","-0.07","359.55","1.7","2.55","-6.5","0.00","0.0","-0.12"
00:15:32,"8,025.60","-4,401.44","254.10",On,"261.20","11.2","60.000000","60.000000","102.000000","102.000000","95.000000","95.000000","0.00","0.00","14.00","14.00","0.000000","0.0","0.000000","0.0","2,047.00","14.45","6.77","6.76","7.93","7.44","0.51","250.00","15.40","200.00","20.42","323.40","1.30","200.00","0.31","6.84","7.35","0.27","0.54","-0.01","357.82","5.66","0.01","0.21","-0.02","0.01","0.03","359.75","1.1","2.43","-7.5","0.00","0.0","-0.10"
00:15:33,"8,018.46","-4,403.19","254.29",On,"261.20","11.3","60.000000","60.000000","102.000000","102.000000","95.000000","95.000000","0.00","0.00","13.00","13.00","0.000000","0.0","0.000000","0.0","2,054.00","14.45","6.73","6.73","7.97","7.47","0.51","250.00","15.40","200.00","20.42","323.20","1.30","200.00","0.29","6.84","7.35","0.26","0.53","-0.03","357.98","5.66","0.01","0.20","-0.02","0.03","0.04","359.95","0.8","2.30","-8.5","0.00","0.1","-0.08"
00:15:34,"8,011.31","-4,404.94","254.48",On,"261.20","11.3","60.000000","60.000000","102.000000","102.000000","95.000000","95.000000","0.00","0.00","13.00","13.00","0.000000","0.0","0.000000","0.0","2,062.00","14.45","6.75","6.75","7.95","7.45","0.51","250.00","15.40","200.00","20.42","323.00","1.30","200.00","0.27","6.85","7.35","0.23","0.50","-0.06","358.14","5.66","0.01","0.18","-0.01","0.00","-0.01","0.13","0.5","2.18","-6.4","0.00","-0.1","-0.10"
00:15:35,"8,004.17","-4,406.68","254.67",On,"261.20","11.4","60.000000","60.000000","102.000000","102.000000","95.000000","95.000000","0.00","0.00","12.00","12.00","0.000000","0.0","0.000000","0.0","2,069.00","14.45","6.72","6.71","7.98","7.49","0.51","250.00","15.40","200.00","20.42","322.80","1.30","200.00","0.25","6.85","7.36","0.21","0.49","-0.08","358.30","5.67","0.01","0.17","-0.01","0.02","-0.00","0.31","0.4","2.08","-5.6","0.00","-0.1","-0.08"
00:15:36,"7,997.01","-4,408.42","254.86",On,"261.20","11.4","60.000000","60.000000","102.000000","102.000000","95.000000","95.000000","0.00","0.00","12.00","12.00","0.000000","0.0","0.000000","0.0","2,076.00","14.45","6.78","6.77","7.92","7.43","0.51","250.00","15.40","200.00","20.42","322.70","1.30","200.00","0.23","6.85","7.36","0.19","0.47","-0.10","358.45","5.67","0.01","0.15","0.00","-0.02","-0.04","0.47","0.2","1.99","-4.7","0.00","-0.0","-0.14"
00:15:37,"7,989.85","-4,410.15","255.05",On,"261.20","11.3","60.000000","60.000000","102.000000","102.000000","95.000000","95.000000","0.00","0.00","11.00","11.00","0.000000","0.0","0.000000","0.0","2,084.00","14.45","6.76","6.75","7.94","7.45","0.51","250.00","15.40","200.00","20.42","322.50","1.30","200.00","0.22","6.86","7.37","0.17","0.45","-0.11","358.58","5.67","0.01","0.14","0.00","0.01","0.07","0.63","0.1","1.91","-3.6","0.00","-0.0","-0.10"
00:15:38,"7,982.69","-4,411.88","255.24",On,"261.20","11.2","60.000000","60.000000","102.000000","102.000000","95.000000","95.000000","0.00","0.00","11.00","11.00","0.000000","0.0","0.000000","0.0","2,091.00","14.45","6.74","6.73","7.96","7.47","0.51","250.00","15.40","200.00","20.42","322.30","1.30","200.00","0.21","6.86","7.37","0.16","0.43","-0.13","358.72","5.68","0.01","0.12","0.01","0.01","-0.01","0.78","-0.0","1.86","-2.5","0.00","-0.0","-0.10"
00:15:39,"7,975.52","-4,413.60","255.42",On,"261.20","11.2","60.000000","60.000000","102.000000","102.000000","95.000000","95.000000","0.00","0.00","10.00","10.00","0.000000","0.0","0.000000","0.0","2,099.00","14.70","6.76","6.75","7.94","7.95","0.51","250.00","15.40","200.00","20.42","322.20","1.30","200.00","0.20","6.87","7.37","0.15","0.42","-0.14","358.83","5.68","0.01","0.11","0.02","-0.00","0.04","0.93","-0.0","1.82","-2.5","0.00","0.0","-0.09"
00:15:40,"7,968.34","-4,415.31","255.61",On,"261.20","11.1","60.000000","60.000000","102.000000","102.000000","95.000000","95.000000","0.00","0.00","10.00","10.00","0.000000","0.0","0.000000","0.0","2,106.00","14.70","6.76","6.75","7.94","7.95","0.51","250.00","15.40","200.00","20.41","322.00","1.30","200.00","0.18","6.87","7.38","0.13","0.40","-0.15","358.91","5.68","0.01","0.10","0.03","-0.00","-0.07","1.06","-0.1","1.78","-1.6","0.00","-0.0","-0.12"
00:15:41,"7,961.16","-4,417.00","255.79",On,"261.20","11.0","60.000000","60.000000","102.000000","102.000000","95.000000","95.000000","0.00","0.00","10.00","10.00","0.000000","0.0","0.000000","0.0","2,113.00","14.70","6.77","6.76","7.93","7.94","0.51","250.00","15.40","200.00","20.40","321.90","1.30","200.00","0.18","6.87","7.38","0.12","0.39","-0.15","359.01","5.68","0.01","0.09","0.03","-0.00","0.00","1.19","-0.1","1.76","-1.4","0.00","-0.0","-0.11"
00:15:42,"7,953.98","-4,418.69","255.97",On,"261.20","10.9","60.000000","60.000000","102.000000","102.000000","95.000000","95.000000","0.00","0.00","9.00","9.00","0.000000","0.0","0.000000","0.0","2,121.00","14.70","6.77","6.76","7.93","7.94","0.51","250.00","15.40","200.00","20.40","321.70","1.30","200.00","0.17","6.88","7.38","0.12","0.38","-0.16","359.07","5.69","0.01","0.08","0.04","-0.00","0.02","1.30","-0.2","1.74","-1.4","0.00","-0.0","-0.10"
00:15:43,"7,946.78","-4,420.35","256.15",On,"261.20","10.7","60.000000","60.000000","102.000000","102.000000","95.000000","95.000000","0.00","0.00","9.00","9.00","0.000000","0.0","0.000000","0.0","2,128.00","14.70","6.75","6.74","7.95","7.96","0.51","250.00","15.40","200.00","20.39","321.60","1.30","200.00","0.16","6.88","7.39","0.11","0.37","-0.16","359.12","5.69","0.01","0.08","0.05","0.01","-0.05","1.41","-0.2","1.70","-1.2","0.00","-0.0","-0.11"
00:15:44,"7,939.58","-4,422.01","256.33",On,"261.20","10.5","60.000000","60.000000","102.000000","102.000000","95.000000","95.000000","0.00","0.00","9.00","9.00","0.000000","0.0","0.000000","0.0","2,135.00","14.70","6.76","6.75","7.94","7.95","0.51","250.00","15.40","200.00","20.38","321.50","1.30","200.00","0.16","6.88","7.39","0.10","0.36","-0.17","359.19","5.69","0.01","0.07","0.05","0.00","0.03","1.52","-0.2","1.69","-0.9","0.00","-0.0","-0.09"
00:15:45,"7,932.37","-4,423.65","256.50",On,"260.20","10.3","60.000000","60.000000","102.000000","102.000000","95.000000","95.000000","0.00","0.00","8.00","8.00","0.000000","0.0","0.000000","0.0","2,143.00","14.70","6.75","6.74","7.95","7.96","0.51","250.00","15.40","200.00","20.38","321.30","1.30","200.00","0.15","6.89","7.39","0.10","0.35","-0.17","359.23","5.70","0.02","0.06","0.06","0.01","-0.02","1.61","-0.3","1.67","-1.1","0.00","-0.0","-0.10"
00:15:46,"7,925.15","-4,425.27","256.67",On,"260.20","9.7","60.000000","60.000000","102.000000","102.000000","95.000000","95.000000","0.00","0.00","6.00","6.00","0.000000","0.0","0.000000","0.0","2,150.00","14.70","6.75","6.74","7.95","7.96","0.51","250.00","15.40","200.00","20.37","321.20","1.30","200.00","0.16","6.89","7.40","0.10","0.33","-0.15","359.25","5.70","0.02","0.06","0.06","0.00","0.02","1.70","-0.5","1.64","-1.7","0.00","0.0","-0.10"
00:15:47,"7,917.93","-4,426.87","256.83",On,"258.20","9.1","60.000000","60.000000","102.000000","102.000000","95.000000","95.000000","0.00","0.00","5.00","5.00","0.000000","0.0","0.000000","0.0","2,158.00","14.70","6.76","6.75","7.94","7.95","0.51","250.00","15.40","200.00","20.36","321.10","1.30","200.00","0.16","6.90","7.40","0.10","0.32","-0.13","359.26","5.70","0.02","0.06","0.07","-0.00","0.00","1.77","-0.7","1.61","-2.3","0.00","0.0","-0.11"
00:15:48,"7,910.69","-4,428.45","256.97",On,"257.20","7.8","60.000000","60.000000","102.000000","102.000000","95.000000","95.000000","0.00","0.00","3.00","3.00","0.000000","0.0","0.000000","0.0","2,165.00","14.70","6.77","6.76","7.93","7.94","0.51","250.00","15.40","200.00","20.34","321.00","1.30","200.00","0.17","6.90","7.41","0.11","0.29","-0.09","359.21","5.70","0.02","0.06","0.08","-0.00","0.03","1.83","-1.2","1.56","-3.3","0.00","0.0","-0.10"
00:15:49,"7,903.45","-4,430.01","257.09",On,"257.20","6.6","60.000000","60.000000","102.000000","102.000000","95.000000","95.000000","0.00","0.00","3.00","3.00","0.000000","0.0","0.000000","0.0","2,172.00","14.70","6.72","6.71","7.98","7.99","0.51","250.00","15.40","200.00","20.33","320.90","1.30","200.00","0.18","6.91","7.41","0.11","0.27","-0.06","359.14","5.71","0.02","0.07","0.09","0.02","0.05","1.86","-1.6","1.51","-3.3","0.00","0.0","-0.07"
00:15:50,"7,896.19","-4,431.55","257.19",On,"257.20","5.9","60.000000","60.000000","102.000000","102.000000","95.000000","95.000000","0.00","0.00","4.00","4.00","0.000000","0.0","0.000000","0.0","2,180.00","14.70","6.73","6.72","7.97","7.98","0.51","250.00","15.40","200.00","20.32","320.90","1.30","200.00","0.18","6.91","7.42","0.12","0.26","-0.03","359.11","5.71","0.02","0.07","0.09","0.00","-0.02","1.87","-1.6","1.46","-2.3","0.00","-0.0","-0.09"
00:15:51,"7,888.93","-4,433.07","257.28",On,"257.20","5.1","60.000000","60.000000","102.000000","102.000000","95.000000","95.000000","0.00","0.00","2.00","2.00","0.000000","0.0","0.000000","0.0","2,187.00","14.70","6.77","6.76","7.93","7.94","0.51","250.00","15.40","200.00","20.32","320.80","1.30","200.00","0.19","6.91","7.42","0.12","0.24","-0.01","359.09","5.72","0.02","0.08","0.08","-0.02","-0.03","1.88","-1.5","1.43","-0.9","0.00","-0.1","-0.13"
00:15:52,"7,881.66","-4,434.57","257.36",On,"257.20","3.8","60.000000","60.000000","102.000000","102.000000","95.000000","95.000000","0.00","0.00","0.00","0.00","0.000000","0.0","0.000000","0.0","2,195.00","14.70","6.78","6.77","7.92","7.93","0.51","250.00","15.40","200.00","20.31","320.80","1.30","200.00","0.20","6.92","7.43","0.14","0.23","0.04","358.99","5.72","0.02","0.08","0.09","-0.01","0.01","1.86","-1.7","1.40","-2.4","0.00","0.0","-0.13"
00:15:53,"7,874.38","-4,436.05","257.40",On,"257.20","2.1","60.000000","60.000000","102.000000","102.000000","95.000000","95.000000","0.00","0.00","359.00","359.00","0.000000","0.0","0.000000","0.0","2,202.00","14.70","6.78","6.77","7.92","7.93","0.51","250.00","15.40","200.00","20.29","320.80","1.30","200.00","0.22","6.92","7.43","0.15","0.20","0.10","358.87","5.72","0.02","0.10","0.09","0.00","0.00","1.83","-2.1","1.37","-1.6","0.00","-0.0","-0.12"
00:15:54,"7,867.09","-4,437.51","257.43",On,"257.20","0.8","60.000000","60.000000","102.000000","102.000000","95.000000","95.000000","0.00","0.00","359.00","359.00","0.000000","0.0","0.000000","0.0","2,209.00","14.70","6.75","6.74","7.95","7.96","0.51","250.00","15.40","200.00","20.28","320.80","1.30","200.00","0.24","6.93","7.43","0.17","0.19","0.15","358.74","5.72","0.02","0.11","0.09","0.02","0.01","1.77","-2.3","1.35","-1.0","0.00","-0.0","-0.10"
00:15:55,"7,859.80","-4,438.96","257.43",On,"257.20","-0.3","60.000000","60.000000","102.000000","102.000000","95.000000","95.000000","0.00","0.00","359.00","359.00","0.000000","0.0","0.000000","0.0","2,217.00","14.70","6.77","6.76","7.93","7.94","0.51","250.00","15.40","200.00","20.27","320.90","1.30","200.00","0.25","6.93","7.44","0.19","0.18","0.19","358.61","5.73","0.02","0.12","0.09","-0.00","-0.02","1.69","-2.1","1.33","-1.1","0.00","0.1","-0.11"
00:15:56,"7,852.50","-4,440.39","257.42",On,"257.20","-1.1","60.000000","60.000000","102.000000","102.000000","95.000000","95.000000","0.00","0.00","359.00","359.00","0.000000","0.0","0.000000","0.0","2,224.00","14.70","6.75","6.74","7.95","7.96","0.51","250.00","15.40","200.00","20.27","320.90","1.30","200.00","0.27","6.93","7.44","0.20","0.17","0.23","358.51","5.73","0.02","0.14","0.09","0.01","0.02","1.61","-1.9","1.34","1.5","0.00","-0.0","-0.10"
00:15:57,"7,845.19","-4,441.80","257.40",On,"257.20","-1.7","60.000000","60.000000","102.000000","102.000000","95.000000","95.000000","0.00","0.00","0.00","0.00","0.000000","0.0","0.000000","0.0","2,232.00","14.70","6.77","6.76","7.93","7.94","0.51","250.00","15.40","200.00","20.26","320.90","1.30","200.00","0.28","6.94","7.44","0.22","0.17","0.26","358.39","5.73","0.02","0.15","0.08","0.00","0.02","1.51","-1.7","1.37","2.1","0.00","-0.0","-0.09"
00:15:58,"7,837.88","-4,443.21","257.36",On,"257.20","-2.3","60.000000","60.000000","102.000000","103.000000","95.000000","95.000000","0.00","0.00","0.00","0.00","0.000000","0.0","0.000000","0.0","2,239.00","14.70","6.75","6.74","7.95","7.96","0.51","250.00","15.40","200.00","20.26","321.00","1.30","200.00","0.30","6.94","7.44","0.23","0.18","0.29","358.25","5.73","0.02","0.16","0.08","0.01","-0.04","1.41","-1.4","1.40","2.2","0.00","0.0","-0.11"
00:15:59,"7,830.56","-4,444.61","257.32",On,"258.20","-2.7","60.000000","60.000000","102.000000","103.000000","95.000000","95.000000","0.00","0.00","0.00","0.00","0.000000","0.0","0.000000","0.0","2,247.00","14.70","6.76","6.75","7.94","7.95","0.51","250.00","15.40","200.00","20.25","321.10","1.30","200.00","0.31","6.94","7.45","0.25","0.18","0.32","358.14","5.74","0.02","0.18","0.07","0.00","0.06","1.30","-1.2","1.46","3.6","0.00","-0.0","-0.09"
00:16:00,"7,823.24","-4,445.99","257.27",On,"259.20","-3.1","60.000000","60.000000","102.000000","103.000000","95.000000","95.000000","0.00","0.00","1.00","1.00","0.000000","0.0","0.000000","0.0","2,254.00","14.70","6.76","6.75","7.94","7.95","0.51","250.00","15.40","200.00","20.25","321.20","1.30","200.00","0.33","6.94","7.45","0.27","0.19","0.34","358.01","5.74","0.02","0.19","0.07","0.00","-0.07","1.19","-1.0","1.52","3.4","0.00","0.0","-0.13"
00:16:01,"7,815.91","-4,447.37","257.22",On,"259.20","-3.2","60.000000","60.000000","102.000000","103.000000","95.000000","95.000000","0.00","0.00","2.00","2.00","0.000000","0.0","0.000000","0.0","2,262.00","14.70","6.78","6.77","7.92","7.93","0.51","250.00","15.40","200.00","20.24","321.20","1.30","200.00","0.34","6.95","7.45","0.28","0.20","0.36","357.90","5.74","0.01","0.20","0.06","-0.00","0.05","1.09","-0.8","1.58","4.3","0.00","-0.0","-0.11"
00:16:02,"7,808.58","-4,448.75","257.17",On,"259.20","-3.2","60.000000","60.000000","102.000000","103.000000","95.000000","95.000000","0.00","0.00","3.00","3.00","0.000000","0.0","0.000000","0.0","2,269.00","14.70","6.77","6.76","7.93","7.94","0.51","250.00","15.40","200.00","20.24","321.30","1.30","200.00","0.35","6.95","7.45","0.29","0.21","0.37","357.81","5.74","0.01","0.21","0.06","0.01","-0.01","0.98","-0.5","1.66","5.0","0.00","-0.0","-0.11"
00:16:03,"7,801.25","-4,450.12","257.11",On,"259.20","-3.1","60.000000","60.000000","102.000000","103.000000","95.000000","95.000000","0.00","0.00","3.00","3.00","0.000000","0.0","0.000000","0.0","2,276.00","14.70","6.75","6.74","7.95","7.96","0.51","250.00","15.40","200.00","20.24","321.40","1.30","200.00","0.37","6.95","7.46","0.30","0.23","0.38","357.71","5.74","0.01","0.22","0.05","0.02","-0.01","0.88","-0.2","1.73","4.4","0.00","0.0","-0.11"
00:16:04,"7,793.91","-4,451.49","257.06",On,"259.20","-3.0","60.000000","60.000000","102.000000","103.000000","95.000000","95.000000","0.00","0.00","3.00","3.00","0.000000","0.0","0.000000","0.0","2,284.00","14.70","6.77","6.75","7.93","7.95","0.51","250.00","15.40","200.00","20.24","321.40","1.30","200.00","0.38","6.95","7.46","0.31","0.24","0.39","357.63","5.75","0.01","0.23","0.04","0.01","0.01","0.79","-0.1","1.81","4.7","0.00","-0.0","-0.09"
00:16:05,"7,786.57","-4,452.85","257.01",On,"259.20","-3.0","60.000000","60.000000","102.000000","103.000000","95.000000","95.000000","0.00","0.00","4.00","4.00","0.000000","0.0","0.000000","0.0","2,291.00","14.70","6.73","6.72","7.97","7.98","0.51","250.00","15.40","200.00","20.24","321.50","1.30","200.00","0.39","6.95","7.46","0.32","0.25","0.40","357.54","5.75","0.01","0.24","0.04","0.02","-0.05","0.70","-0.0","1.87","3.8","0.00","0.0","-0.11"
00:16:06,"7,779.23","-4,454.21","256.96",On,"259.20","-3.0","60.000000","60.000000","102.000000","103.000000","95.000000","95.000000","0.00","0.00","4.00","4.00","0.000000","0.0","0.000000","0.0","2,299.00","14.70","6.77","6.76","7.93","7.94","0.51","250.00","15.40","200.00","20.24","321.60","1.30","200.00","0.40","6.96","7.46","0.33","0.26","0.41","357.46","5.75","0.01","0.25","0.04","-0.00","0.04","0.62","-0.0","1.93","3.2","0.00","-0.0","-0.10"
00:16:07,"7,771.88","-4,455.56","256.91",On,"259.20","-3.0","60.000000","60.000000","102.000000","103.000000","95.000000","95.000000","0.00","0.00","4.00","4.00","0.000000","0.0","0.000000","0.0","2,306.00","14.70","6.74","6.73","7.96","7.97","0.51","250.00","15.40","200.00","20.24","321.60","1.30","200.00","0.41","6.96","7.46","0.34","0.27","0.42","357.39","5.75","0.01","0.26","0.03","0.02","-0.01","0.54","-0.0","1.98","2.6","0.00","-0.0","-0.10"
00:16:08,"7,764.53","-4,456.91","256.86",On,"261.20","-3.1","60.000000","60.000000","102.000000","103.000000","95.000000","95.000000","0.00","0.00","4.00","4.00","0.000000","0.0","0.000000","0.0","2,314.00","14.70","6.77","6.76","7.93","7.94","0.51","250.00","15.40","200.00","20.24","321.70","1.30","200.00","0.42","6.96","7.47","0.35","0.28","0.43","357.30","5.75","0.01","0.27","0.03","-0.00","0.01","0.47","-0.1","2.01","1.6","0.00","0.0","-0.11"
00:16:09,"7,757.18","-4,458.27","256.81",On,"261.20","-3.6","60.000000","60.000000","102.000000","103.000000","95.000000","95.000000","0.00","0.00","3.00","3.00","0.000000","0.0","0.000000","0.0","2,321.00","14.70","6.76","6.75","7.94","7.95","0.51","250.00","15.40","200.00","20.24","321.70","1.30","200.00","0.43","6.96","7.47","0.36","0.28","0.46","357.24","5.75","0.01","0.27","0.03","0.01","0.02","0.39","-0.3","2.04","1.4","0.00","-0.0","-0.10"
00:16:10,"7,749.82","-4,459.61","256.74",On,"261.20","-3.7","60.000000","60.000000","102.000000","103.000000","95.000000","95.000000","0.00","0.00","4.00","4.00","0.000000","0.0","0.000000","0.0","2,329.00","14.70","6.76","6.75","7.94","7.95","0.51","250.00","15.40","200.00","20.24","321.80","1.30","200.00","0.43","6.96","7.47","0.37","0.28","0.47","357.15","5.75","0.01","0.28","0.03","0.01","-0.01","0.31","-0.5","2.06","1.1","0.00","-0.0","-0.10"
00:16:11,"7,742.47","-4,460.97","256.68",On,"261.20","-3.5","60.000000","60.000000","102.000000","103.000000","95.000000","95.000000","0.00","0.00","6.00","6.00","0.000000","0.0","0.000000","0.0","2,336.00","14.70","6.77","6.76","7.93","7.94","0.51","250.00","15.40","200.00","20.24","321.90","1.30","200.00","0.44","6.96","7.47","0.38","0.29","0.47","357.10","5.75","0.01","0.29","0.02","0.00","-0.01","0.24","-0.1","2.07","1.2","0.00","0.0","-0.11"
00:16:12,"7,735.11","-4,462.32","256.63",On,"261.20","-3.1","60.000000","60.000000","102.000000","103.000000","95.000000","95.000000","0.00","0.00","6.00","6.00","0.000000","0.0","0.000000","0.0","2,344.00","14.70","6.74","6.73","7.96","7.97","0.51","250.00","15.40","200.00","20.25","321.90","1.30","200.00","0.44","6.96","7.47","0.38","0.30","0.46","357.13","5.76","0.01","0.29","0.00","0.03","0.04","0.17","0.1","2.11","2.5","0.00","-0.0","-0.08"
00:16:13,"7,727.75","-4,463.69","256.58",On,"261.20","-2.7","60.000000","60.000000","102.000000","103.000000","95.000000","95.000000","0.00","0.00","7.00","7.00","0.000000","0.0","0.000000","0.0","2,351.00","14.70","6.77","6.75","7.93","7.95","0.51","250.00","15.40","200.00","20.25","322.00","1.30","200.00","0.44","6.97","7.47","0.38","0.31","0.45","357.10","5.76","0.01","0.30","0.01","-0.00","-0.09","0.12","0.4","2.15","1.9","0.00","0.0","-0.14"
00:16:14,"7,720.39","-4,465.05","256.54",On,"261.20","-2.4","60.000000","60.000000","102.000000","103.000000","95.000000","95.000000","0.00","0.00","7.00","7.00","0.000000","0.0","0.000000","0.0","2,359.00","14.70","6.80","6.79","7.90","7.91","0.51","250.00","15.40","200.00","20.25","322.00","1.30","200.00","0.44","6.97","7.47","0.38","0.33","0.44","357.08","5.76","0.01","0.30","-0.00","-0.01","0.03","0.07","0.5","2.18","1.4","0.00","0.1","-0.14"
00:16:15,"7,713.03","-4,466.43","256.50",On,"261.20","-2.0","60.000000","60.000000","102.000000","103.000000","95.000000","95.000000","0.00","0.00","7.00","7.00","0.000000","0.0","0.000000","0.0","2,366.00","14.70","6.77","6.76","7.93","7.94","0.51","250.00","15.40","200.00","20.26","322.00","1.30","200.00","0.44","6.97","7.47","0.38","0.33","0.43","357.09","5.76","0.01","0.30","-0.01","0.02","0.00","0.03","0.5","2.21","2.2","0.00","-0.0","-0.11"
00:16:16,"7,705.67","-4,467.80","256.47",On,"261.20","-1.7","60.000000","60.000000","102.000000","103.000000","95.000000","95.000000","0.00","0.00","7.00","7.00","0.000000","0.0","0.000000","0.0","2,374.00","14.70","6.76","6.75","7.94","7.95","0.51","250.00","15.40","200.00","20.26","322.10","1.30","200.00","0.44","6.97","7.48","0.38","0.34","0.43","357.07","5.76","0.01","0.30","-0.01","0.02","0.01","359.99","0.5","2.24","1.3","0.00","0.0","-0.10"
00:16:17,"7,698.31","-4,469.18","256.44",On,"261.20","-1.5","60.000000","60.000000","102.000000","103.000000","95.000000","95.000000","0.00","0.00","7.00","7.00","0.000000","0.0","0.000000","0.0","2,381.00","14.70","6.76","6.74","7.94","7.96","0.51","250.00","15.40","200.00","20.26","322.10","1.30","200.00","0.44","6.97","7.48","0.38","0.35","0.42","357.07","5.76","0.01","0.30","-0.01","0.02","0.01","359.97","0.5","2.26","0.7","0.00","0.0","-0.10"
00:16:18,"7,690.95","-4,470.56","256.42",On,"261.20","-1.3","60.000000","60.000000","102.000000","103.000000","95.000000","95.000000","0.00","0.00","7.00","7.00","0.000000","0.0","0.000000","0.0","2,389.00","14.70","6.75","6.74","7.95","7.96","0.51","250.00","15.40","200.00","20.27","322.10","1.30","200.00","0.44","6.97","7.48","0.38","0.35","0.42","357.07","5.76","0.01","0.30","-0.01","0.02","-0.02","359.94","0.4","2.28","0.7","0.00","-0.0","-0.11"
00:16:19,"7,683.59","-4,471.95","256.40",On,"261.20","-1.2","60.000000","60.000000","102.000000","103.000000","95.000000","95.000000","0.00","0.00","7.00","7.00","0.000000","0.0","0.000000","0.0","2,396.00","14.70","6.79","6.78","7.91","7.92","0.51","250.00","15.40","200.00","20.27","322.10","1.30","200.00","0.44","6.97","7.48","0.38","0.35","0.41","357.07","5.76","0.01","0.30","-0.01","-0.00","0.02","359.93","0.4","2.28","0.2","0.00","-0.0","-0.11"
00:16:20,"7,676.23","-4,473.34","256.38",On,"261.20","-1.0","60.000000","60.000000","103.000000","103.000000","95.000000","95.000000","0.00","0.00","7.00","7.00","0.000000","0.0","0.000000","0.0","2,403.00","14.70","6.74","6.72","7.96","7.98","0.51","250.00","15.40","200.00","20.27","322.10","1.30","200.00","0.44","6.97","7.48","0.38","0.36","0.41","357.08","5.77","0.01","0.30","-0.01","0.03","0.01","359.91","0.3","2.28","-0.7","0.00","0.0","-0.09"
00:16:21,"7,668.87","-4,474.73","256.36",On,"263.20","-0.9","60.000000","60.000000","102.000000","103.000000","95.000000","95.000000","0.00","0.00","7.00","7.00","0.000000","0.0","0.000000","0.0","2,411.00","14.70","6.79","6.78","7.91","7.92","0.51","250.00","15.40","200.00","20.28","322.20","1.30","200.00","0.44","6.98","7.48","0.38","0.36","0.40","357.08","5.77","0.01","0.30","-0.01","-0.01","-0.02","359.90","0.3","2.27","-0.3","0.00","-0.0","-0.13"
00:16:22,"7,661.51","-4,476.13","256.35",On,"265.20","-0.9","60.000000","60.000000","103.000000","103.000000","95.000000","95.000000","0.00","0.00","8.00","8.00","0.000000","0.0","0.000000","0.0","2,418.00","14.70","6.78","6.76","7.92","7.94","0.51","250.00","15.40","200.00","20.28","322.20","1.30","200.00","0.43","6.98","7.48","0.38","0.36","0.40","357.10","5.77","0.01","0.30","-0.01","0.01","0.00","359.89","0.2","2.26","-0.1","0.00","-0.0","-0.12"
00:16:23,"7,654.15","-4,477.53","256.34",On,"265.20","-0.3","60.000000","60.000000","102.000000","103.000000","95.000000","95.000000","0.00","0.00","10.00","10.00","0.000000","0.0","0.000000","0.0","2,426.00","14.70","6.77","6.76","7.93","7.94","0.51","250.00","15.40","200.00","20.29","322.20","1.30","200.00","0.43","6.98","7.49","0.37","0.36","0.38","357.14","5.77","0.01","0.29","-0.02","0.01","0.01","359.88","0.4","2.27","0.4","0.00","-0.0","-0.11"
00:16:24,"7,646.79","-4,478.94","256.34",On,"265.20","0.7","60.000000","60.000000","103.000000","103.000000","95.000000","95.000000","0.00","0.00","12.00","12.00","0.000000","0.0","0.000000","0.0","2,433.00","14.70","6.76","6.75","7.94","7.95","0.51","250.00","15.40","200.00","20.29","322.10","1.30","200.00","0.42","6.98","7.49","0.36","0.38","0.34","357.19","5.77","0.01","0.29","-0.02","0.02","-0.02","359.88","0.8","2.27","1.2","0.00","-0.0","-0.10"
00:16:25,"7,639.43","-4,480.37","256.37",On,"265.20","2.2","60.000000","60.000000","103.000000","103.000000","95.000000","95.000000","0.00","0.00","14.00","14.00","0.000000","0.0","0.000000","0.0","2,441.00","14.70","6.72","6.71","7.98","7.99","0.51","250.00","15.40","200.00","20.30","322.10","1.30","200.00","0.40","6.98","7.49","0.34","0.40","0.29","357.33","5.77","0.01","0.28","-0.03","0.03","0.06","359.90","1.4","2.31","2.8","359.99","-0.0","-0.07"
00:16:26,"7,632.07","-4,481.80","256.42",On,"265.20","4.1","60.000000","60.000000","103.000000","103.000000","95.000000","95.000000","0.00","0.00","16.00","16.00","0.000000","0.0","0.000000","0.0","2,448.00","14.70","6.76","6.75","7.94","7.95","0.51","250.00","15.40","200.00","20.31","322.00","1.30","200.00","0.38","6.98","7.49","0.33","0.42","0.22","357.46","5.77","0.00","0.27","-0.03","-0.00","-0.08","359.95","2.1","2.36","3.0","359.99","-0.0","-0.13"
00:16:27,"7,624.72","-4,483.25","256.50",On,"265.20","6.2","60.000000","60.000000","103.000000","102.000000","95.000000","95.000000","0.00","0.00","18.00","18.00","0.000000","0.0","0.000000","0.0","2,456.00","14.70","6.75","6.73","7.95","7.97","0.51","250.00","15.40","200.00","20.31","321.90","1.30","200.00","0.36","6.98","7.49","0.30","0.45","0.14","357.59","5.77","0.00","0.25","-0.04","0.02","0.07","0.02","2.7","2.41","3.8","359.99","-0.0","-0.08"
00:16:28,"7,617.38","-4,484.71","256.62",On,"265.20","7.4","60.000000","60.000000","103.000000","102.000000","95.000000","95.000000","0.00","0.00","20.00","20.00","0.000000","0.0","0.000000","0.0","2,463.00","14.70","6.74","6.73","7.96","7.97","0.51","250.00","15.40","200.00","20.32","321.80","1.30","200.00","0.33","6.98","7.48","0.27","0.45","0.08","357.83","5.77","0.00","0.23","-0.04","0.02","-0.01","0.12","2.8","2.48","4.4","359.99","-0.0","-0.08"
00:16:29,"7,610.03","-4,486.18","256.78",On,"265.20","10.5","60.000000","60.000000","103.000000","102.000000","95.000000","95.000000","0.00","0.00","17.00","17.00","0.000000","0.0","0.000000","0.0","2,471.00","14.70","6.75","6.74","7.95","7.96","0.51","250.00","15.40","200.00","20.32","321.60","1.30","200.00","0.31","6.98","7.48","0.25","0.51","-0.02","358.01","5.77","-0.00","0.21","-0.04","0.00","-0.03","0.25","3.4","2.53","2.3","359.99","-0.0","-0.11"
00:16:30,"7,602.68","-4,487.63","256.96",On,"265.20","11.1","60.000000","60.000000","103.000000","102.000000","95.000000","95.000000","0.00","0.00","15.00","15.00","0.000000","0.0","0.000000","0.0","2,478.00","14.70","6.79","6.77","7.91","7.93","0.51","250.00","15.40","200.00","20.32","321.50","1.30","200.00","0.30","6.98","7.49","0.24","0.51","-0.04","358.10","5.77","0.00","0.19","-0.02","-0.01","0.03","0.41","2.8","2.52","-1.3","359.99","0.0","-0.12"
00:16:31,"7,595.33","-4,489.08","257.15",On,"265.20","11.6","60.000000","60.000000","103.000000","102.000000","95.000000","95.000000","0.00","0.00","14.00","14.00","0.000000","0.0","0.000000","0.0","2,486.00","14.70","6.79","6.77","7.91","7.93","0.51","250.00","15.40","200.00","20.31","321.30","1.30","200.00","0.29","6.98","7.49","0.23","0.50","-0.07","358.23","5.77","0.00","0.17","-0.01","-0.00","-0.04","0.57","2.1","2.48","-3.4","0.00","0.0","-0.13"
00:16:32,"7,587.98","-4,490.52","257.34",On,"265.20","11.8","60.000000","60.000000","103.000000","102.000000","95.000000","95.000000","0.00","0.00","14.00","14.00","0.000000","0.0","0.000000","0.0","2,493.00","14.70","6.78","6.77","7.92","7.93","0.51","250.00","15.40","200.00","20.31","321.20","1.30","200.00","0.28","6.98","7.49","0.21","0.49","-0.09","358.34","5.77","0.00","0.16","-0.00","0.01","0.04","0.72","1.5","2.41","-5.1","0.00","0.0","-0.11"
00:16:33,"7,580.63","-4,491.95","257.54",On,"265.20","11.8","60.000000","60.000000","102.000000","102.000000","95.000000","95.000000","0.00","0.00","13.00","13.00","0.000000","0.0","0.000000","0.0","2,501.00","14.70","6.75","6.74","7.95","7.96","0.51","250.00","15.40","200.00","20.30","321.00","1.30","200.00","0.26","6.99","7.49","0.19","0.48","-0.10","358.46","5.77","0.00","0.15","0.01","0.02","-0.01","0.88","0.9","2.31","-6.2","0.00","0.0","-0.10"
00:16:34,"7,573.27","-4,493.38","257.73",On,"265.20","11.8","60.000000","60.000000","102.000000","102.000000","95.000000","95.000000","0.00","0.00","13.00","13.00","0.000000","0.0","0.000000","0.0","2,508.00","14.70","6.77","6.76","7.93","7.94","0.51","250.00","15.40","200.00","20.30","320.80","1.30","200.00","0.24","6.99","7.49","0.18","0.46","-0.12","358.60","5.77","0.00","0.13","0.01","-0.00","-0.04","1.02","0.6","2.21","-6.0","0.00","-0.0","-0.12"
00:16:35,"7,565.91","-4,494.79","257.93",On,"265.20","11.9","60.000000","60.000000","102.000000","102.000000","95.000000","95.000000","0.00","0.00","12.00","12.00","0.000000","0.0","0.000000","0.0","2,516.00","14.70","6.77","6.76","7.93","7.94","0.51","250.00","15.40","200.00","20.29","320.60","1.30","200.00","0.23","6.99","7.49","0.16","0.45","-0.14","358.74","5.78","0.00","0.12","0.02","0.00","0.02","1.16","0.4","2.12","-5.6","0.00","-0.0","-0.11"
00:16:36,"7,558.55","-4,496.20","258.13",On,"265.20","11.8","60.000000","60.000000","102.000000","102.000000","95.000000","95.000000","0.00","0.00","12.00","12.00","0.000000","0.0","0.000000","0.0","2,523.00","14.70","6.78","6.77","7.92","7.93","0.51","250.00","15.40","200.00","20.29","320.50","1.30","200.00","0.22","6.99","7.50","0.14","0.43","-0.16","358.87","5.78","0.00","0.11","0.02","-0.00","-0.03","1.30","0.2","2.03","-5.6","0.00","0.0","-0.13"
00:16:37,"7,551.18","-4,497.60","258.33",On,"265.20","11.9","60.000000","60.000000","103.000000","103.000000","95.000000","95.000000","0.00","0.00","11.00","11.00","0.000000","0.0","0.000000","0.0","2,531.00","14.70","6.78","6.77","7.92","7.93","0.51","250.00","15.40","200.00","20.28","320.30","1.30","200.00","0.20","6.99","7.50","0.13","0.42","-0.17","358.99","5.78","0.00","0.10","0.02","0.01","0.05","1.42","0.1","1.95","-3.9","0.00","-0.0","-0.11"
00:16:38,"7,543.81","-4,498.98","258.52",On,"265.20","11.7","60.000000","60.000000","102.000000","102.000000","95.000000","95.000000","0.00","0.00","11.00","11.00","0.000000","0.0","0.000000","0.0","2,538.00","14.70","6.74","6.73","7.96","7.97","0.51","250.00","15.40","200.00","20.28","320.10","1.30","200.00","0.19","7.00","7.50","0.11","0.40","-0.19","359.11","5.78","0.00","0.08","0.03","0.02","0.01","1.54","0.0","1.89","-3.0","0.00","-0.0","-0.09"
00:16:39,"7,536.44","-4,500.36","258.72",On,"265.20","11.7","60.000000","60.000000","103.000000","103.000000","95.000000","95.000000","0.00","0.00","10.00","10.00","0.000000","0.0","0.000000","0.0","2,546.00","14.70","6.76","6.75","7.94","7.95","0.51","250.00","15.40","200.00","20.27","319.90","1.30","200.00","0.18","7.00","7.50","0.10","0.38","-0.20","359.21","5.78","0.01","0.07","0.04","0.00","-0.04","1.66","-0.0","1.85","-2.4","0.00","-0.0","-0.12"
00:16:40,"7,529.06","-4,501.72","258.91",On,"265.20","11.6","60.000000","60.000000","103.000000","102.000000","95.000000","95.000000","0.00","0.00","10.00","10.00","0.000000","0.0","0.000000","0.0","2,553.00","14.70","6.76","6.75","7.94","7.95","0.51","250.00","15.40","200.00","20.26","319.80","1.30","200.00","0.17","7.00","7.50","0.09","0.37","-0.21","359.29","5.78","0.01","0.06","0.04","0.01","0.06","1.76","-0.1","1.80","-2.0","0.00","0.0","-0.09"
00:16:41,"7,521.67","-4,503.07","259.10",On,"265.20","11.4","60.000000","60.000000","103.000000","103.000000","95.000000","95.000000","0.00","0.00","10.00","10.00","0.000000","0.0","0.000000","0.0","2,561.00","14.70","6.75","6.73","7.95","7.97","0.51","250.00","15.40","200.00","20.26","319.60","1.30","200.00","0.16","7.00","7.51","0.08","0.36","-0.21","359.37","5.78","0.01","0.05","0.05","0.01","-0.04","1.86","-0.1","1.77","-1.6","0.00","0.0","-0.10"
00:16:42,"7,514.28","-4,504.40","259.29",On,"265.20","11.3","60.000000","60.000000","103.000000","103.000000","95.000000","95.000000","0.00","0.00","9.00","9.00","0.000000","0.0","0.000000","0.0","2,568.00","14.70","6.74","6.72","7.96","7.98","0.51","250.00","15.40","200.00","20.24","319.50","1.30","200.00","0.16","7.00","7.51","0.07","0.35","-0.21","359.42","5.78","0.01","0.04","0.05","0.01","0.05","1.95","-0.2","1.74","-1.9","0.00","0.0","-0.08"
00:16:43,"7,506.89","-4,505.72","259.48",On,"265.20","11.1","60.000000","60.000000","103.000000","103.000000","95.000000","95.000000","0.00","0.00","9.00","9.00","0.000000","0.0","0.000000","0.0","2,576.00","14.70","6.76","6.75","7.94","7.95","0.51","250.00","15.40","200.00","20.23","319.30","1.30","200.00","0.15","7.01","7.51","0.06","0.33","-0.22","359.47","5.78","0.01","0.04","0.06","-0.01","-0.05","2.04","-0.2","1.71","-1.0","0.00","-0.0","-0.12"
00:16:44,"7,499.49","-4,507.02","259.66",On,"265.20","10.9","60.000000","60.000000","103.000000","103.000000","95.000000","95.000000","0.00","0.00","9.00","9.00","0.000000","0.0","0.000000","0.0","2,583.00","14.70","6.77","6.76","7.93","7.94","0.51","250.00","15.40","200.00","20.23","319.20","1.30","200.00","0.14","7.01","7.51","0.06","0.32","-0.22","359.54","5.79","0.01","0.03","0.06","-0.00","0.03","2.12","-0.2","1.70","-0.9","0.00","-0.1","-0.12"
00:16:45,"7,492.09","-4,508.30","259.84",On,"263.20","10.8","60.000000","60.000000","103.000000","103.000000","95.000000","95.000000","0.00","0.00","8.00","8.00","0.000000","0.0","0.000000","0.0","2,591.00","14.70","6.77","6.76","7.93","7.94","0.51","250.00","15.40","200.00","20.21","319.00","1.30","200.00","0.14","7.01","7.51","0.05","0.31","-0.22","359.58","5.79","0.01","0.03","0.07","-0.00","0.01","2.19","-0.3","1.68","-1.0","0.00","-0.0","-0.11"
00:16:46,"7,484.68","-4,509.56","260.02",On,"261.20","10.1","60.000000","60.000000","103.000000","103.000000","95.000000","95.000000","0.00","0.00","6.00","6.00","0.000000","0.0","0.000000","0.0","2,598.00","14.70","6.77","6.76","7.93","7.94","0.51","250.00","15.40","200.00","20.20","318.90","1.30","200.00","0.14","7.01","7.52","0.05","0.30","-0.20","359.58","5.79","0.01","0.03","0.07","0.00","0.01","2.25","-0.5","1.66","-1.7","0.00","0.0","-0.10"
00:16:47,"7,477.26","-4,510.80","260.18",On,"260.20","9.1","60.000000","60.000000","103.000000","103.000000","95.000000","95.000000","0.00","0.00","4.00","4.00","0.000000","0.0","0.000000","0.0","2,606.00","14.70","6.74","6.73","7.96","7.97","0.51","250.00","15.40","200.00","20.19","318.80","1.30","200.00","0.15","7.02","7.52","0.06","0.28","-0.17","359.56","5.79","0.01","0.03","0.08","0.02","0.01","2.30","-0.9","1.62","-2.7","0.00","0.0","-0.08"
00:16:48,"7,469.84","-4,512.00","260.31",On,"258.20","7.5","60.000000","60.000000","103.000000","103.000000","95.000000","95.000000","0.00","0.00","2.00","2.00","0.000000","0.0","0.000000","0.0","2,613.00","14.70","6.75","6.74","7.95","7.96","0.51","250.00","15.40","200.00","20.17","318.70","1.30","200.00","0.16","7.02","7.52","0.07","0.25","-0.12","359.49","5.79","0.01","0.03","0.09","-0.00","-0.00","2.33","-1.5","1.56","-3.4","0.00","0.0","-0.09"
00:16:49,"7,462.40","-4,513.19","260.42",On,"258.20","5.8","60.000000","60.000000","103.000000","103.000000","95.000000","95.000000","0.00","0.00","359.00","359.00","0.000000","0.0","0.000000","0.0","2,621.00","14.70","6.73","6.72","7.97","7.98","0.51","250.00","15.40","200.00","20.15","318.70","1.30","200.00","0.18","7.03","7.53","0.09","0.23","-0.06","359.39","5.80","0.01","0.04","0.10","0.01","-0.02","2.34","-2.1","1.49","-5.2","0.00","0.1","-0.09"
00:16:50,"7,454.97","-4,514.34","260.50",On,"258.20","3.8","60.000000","60.000000","103.000000","103.000000","95.000000","95.000000","0.00","0.00","358.00","358.00","0.000000","0.0","0.000000","0.0","2,628.00","14.70","6.76","6.75","7.94","7.95","0.51","250.00","15.40","200.00","20.14","318.70","1.30","200.00","0.20","7.03","7.53","0.10","0.19","0.01","359.27","5.80","0.01","0.05","0.11","-0.01","-0.02","2.31","-2.6","1.42","-4.7","0.00","-0.0","-0.11"
00:16:51,"7,447.52","-4,515.47","260.55",On,"258.20","2.2","60.000000","60.000000","103.000000","103.000000","95.000000","95.000000","0.00","0.00","357.00","357.00","0.000000","0.0","0.000000","0.0","2,636.00","14.70","6.76","6.75","7.94","7.95","0.51","250.00","15.40","200.00","20.12","318.60","1.30","200.00","0.21","7.03","7.53","0.12","0.17","0.06","359.16","5.80","0.01","0.07","0.11","-0.00","-0.00","2.26","-2.8","1.35","-3.4","0.00","-0.1","-0.11"
00:16:52,"7,440.07","-4,516.58","260.57",On,"258.20","0.2","60.000000","60.000000","103.000000","103.000000","95.000000","95.000000","0.00","0.00","357.00","357.00","0.000000","0.0","0.000000","0.0","2,643.00","14.70","6.79","6.78","7.91","7.92","0.51","250.00","15.40","200.00","20.11","318.70","1.30","200.00","0.23","7.03","7.53","0.14","0.14","0.14","359.00","5.80","0.01","0.08","0.11","-0.01","-0.01","2.17","-3.0","1.29","-3.3","0.00","0.0","-0.13"
00:16:53,"7,432.61","-4,517.67","260.56",On,"258.20","-1.3","60.000000","60.000000","103.000000","103.000000","95.000000","95.000000","0.00","0.00","357.00","357.00","0.000000","0.0","0.000000","0.0","2,651.00","14.70","6.76","6.75","7.94","7.95","0.51","250.00","15.40","200.00","20.10","318.70","1.30","200.00","0.25","7.03","7.54","0.16","0.13","0.19","358.85","5.81","0.01","0.10","0.10","0.01","0.07","2.07","-2.9","1.26","-1.0","0.00","-0.0","-0.09"
00:16:54,"7,425.15","-4,518.74","260.52",On,"258.20","-2.5","60.000000","60.000000","103.000000","103.000000","95.000000","95.000000","0.00","0.00","357.00","357.00","0.000000","0.0","0.000000","0.0","2,659.00","14.70","6.74","6.73","7.96","7.97","0.51","250.00","15.40","200.00","20.09","318.80","1.30","200.00","0.27","7.04","7.54","0.18","0.11","0.24","358.72","5.81","0.01","0.12","0.10","0.02","-0.01","1.94","-2.7","1.25","0.7","0.00","-0.0","-0.10"
00:16:55,"7,417.68","-4,519.80","260.47",On,"258.20","-3.6","60.000000","60.000000","103.000000","103.000000","95.000000","95.000000","0.00","0.00","358.00","358.00","0.000000","0.0","0.000000","0.0","2,666.00","14.70","6.80","6.79","7.90","7.91","0.51","250.00","15.40","200.00","20.08","318.90","1.30","200.00","0.29","7.04","7.54","0.20","0.11","0.29","358.56","5.81","0.01","0.13","0.10","-0.02","-0.04","1.81","-2.4","1.27","1.5","0.00","0.0","-0.13"
00:16:56,"7,410.21","-4,520.85","260.41",On,"258.20","-4.4","60.000000","60.000000","103.000000","103.000000","95.000000","95.000000","0.00","0.00","358.00","358.00","0.000000","0.0","0.000000","0.0","2,674.00","14.70","6.76","6.75","7.94","7.95","0.51","250.00","15.40","200.00","20.08","318.90","1.30","200.00","0.31","7.04","7.54","0.22","0.11","0.33","358.40","5.81","0.01","0.15","0.09","0.01","0.03","1.66","-2.1","1.32","3.5","0.00","-0.0","-0.10"
00:16:57,"7,402.74","-4,521.88","260.33",On,"258.20","-5.1","60.000000","60.000000","103.000000","103.000000","95.000000","95.000000","0.00","0.00","358.00","358.00","0.000000","0.0","0.000000","0.0","2,681.00","14.70","6.78","6.77","7.92","7.93","0.51","250.00","15.40","200.00","20.07","319.00","1.30","200.00","0.33","7.04","7.54","0.24","0.12","0.37","358.24","5.81","0.01","0.17","0.08","-0.01","-0.03","1.51","-1.8","1.38","4.3","0.00","-0.0","-0.12"
00:16:58,"7,395.26","-4,522.91","260.24",On,"258.20","-5.7","60.000000","60.000000","103.000000","103.000000","95.000000","95.000000","0.00","0.00","359.00","359.00","0.000000","0.0","0.000000","0.0","2,689.00","14.70","6.74","6.73","7.96","7.97","0.51","250.00","15.40","200.00","20.06","319.20","1.30","200.00","0.35","7.04","7.54","0.26","0.12","0.41","358.07","5.81","0.01","0.19","0.08","0.03","0.05","1.35","-1.5","1.46","4.7","0.00","0.0","-0.09"
00:16:59,"7,387.78","-4,523.92","260.14",On,"258.20","-6.2","60.000000","60.000000","103.000000","103.000000","95.000000","95.000000","0.00","0.00","359.00","359.00","0.000000","0.0","0.000000","0.0","2,696.00","14.70","6.77","6.76","7.93","7.94","0.51","250.00","15.40","200.00","20.06","319.30","1.30","200.00","0.37","7.04","7.54","0.28","0.13","0.44","357.92","5.81","0.01","0.20","0.07","-0.01","-0.05","1.19","-1.3","1.54","5.5","0.00","-0.0","-0.13"
00:17:00,"7,380.29","-4,524.93","260.03",On,"259.20","-6.7","60.000000","60.000000","103.000000","104.000000","95.000000","95.000000","0.00","0.00","0.00","0.00","0.000000","0.0","0.000000","0.0","2,704.00","14.70","6.79","6.78","7.91","7.92","0.51","250.00","15.40","200.00","20.05","319.40","1.30","200.00","0.39","7.04","7.55","0.31","0.14","0.48","357.75","5.82","0.01","0.22","0.06","-0.00","0.04","1.03","-1.1","1.63","5.0","0.00","-0.0","-0.13"
00:17:01,"7,372.81","-4,525.94","259.92",On,"259.20","-6.7","60.000000","60.000000","103.000000","104.000000","95.000000","95.000000","0.00","0.00","2.00","2.00","0.000000","0.0","0.000000","0.0","2,711.00","14.70","6.78","6.77","7.92","7.93","0.51","250.00","15.40","200.00","20.05","319.50","1.30","200.00","0.41","7.04","7.55","0.32","0.16","0.49","357.60","5.81","0.01","0.24","0.06","0.01","0.02","0.87","-0.8","1.72","6.2","0.00","-0.0","-0.11"
00:17:02,"7,365.33","-4,526.95","259.81",On,"259.20","-6.2","60.000000","60.000000","103.000000","104.000000","95.000000","95.000000","0.00","0.00","4.00","4.00","0.000000","0.0","0.000000","0.0","2,719.00","14.70","6.75","6.73","7.95","7.97","0.51","250.00","15.40","200.00","20.05","319.60","1.30","200.00","0.42","7.04","7.55","0.33","0.18","0.49","357.51","5.81","0.01","0.25","0.04","0.03","0.04","0.73","-0.3","1.83","6.8","0.00","-0.0","-0.08"
00:17:03,"7,357.85","-4,527.96","259.71",On,"259.20","-5.6","60.000000","60.000000","103.000000","104.000000","95.000000","95.000000","0.00","0.00","4.00","4.00","0.000000","0.0","0.000000","0.0","2,726.00","14.70","6.74","6.73","7.96","7.97","0.51","250.00","15.40","200.00","20.06","319.70","1.30","200.00","0.43","7.04","7.55","0.34","0.21","0.48","357.43","5.81","0.01","0.26","0.03","0.02","-0.01","0.59","0.3","1.94","6.3","0.00","0.0","-0.10"
00:17:04,"7,350.37","-4,528.97","259.62",On,"259.20","-5.7","60.000000","60.000000","103.000000","104.000000","95.000000","95.000000","0.00","0.00","2.00","2.00","0.000000","0.0","0.000000","0.0","2,734.00","14.70","6.77","6.76","7.93","7.94","0.51","250.00","15.40","200.00","20.06","319.80","1.30","200.00","0.44","7.04","7.55","0.36","0.22","0.50","357.34","5.81","0.01","0.27","0.03","-0.00","0.02","0.47","0.3","2.04","5.5","0.00","-0.0","-0.10"
00:17:05,"7,342.88","-4,529.97","259.52",On,"259.20","-6.3","60.000000","60.000000","103.000000","104.000000","95.000000","95.000000","0.00","0.00","1.00","1.00","0.000000","0.0","0.000000","0.0","2,742.00","14.70","6.73","6.72","7.97","7.98","0.51","250.00","15.40","200.00","20.05","319.90","1.30","200.00","0.47","7.04","7.55","0.38","0.23","0.54","357.18","5.81","0.01","0.28","0.03","0.03","0.02","0.36","-0.2","2.11","2.7","0.00","0.1","-0.09"
00:17:06,"7,335.38","-4,530.97","259.41",On,"260.20","-6.8","60.000000","60.000000","103.000000","104.000000","95.000000","95.000000","0.00","0.00","1.00","1.00","0.000000","0.0","0.000000","0.0","2,749.00","14.70","6.78","6.77","7.92","7.93","0.51","250.00","15.40","200.00","20.05","320.10","1.30","200.00","0.48","7.04","7.55","0.40","0.23","0.57","357.03","5.82","0.01","0.30","0.03","-0.01","-0.04","0.24","-0.5","2.15","2.1","0.00","-0.0","-0.13"
00:17:07,"7,327.89","-4,531.96","259.29",On,"260.20","-7.0","60.000000","60.000000","103.000000","104.000000","95.000000","95.000000","0.00","0.00","3.00","3.00","0.000000","0.0","0.000000","0.0","2,757.00","14.70","6.74","6.73","7.96","7.97","0.51","250.00","15.40","200.00","20.05","320.20","1.30","200.00","0.49","7.04","7.55","0.41","0.24","0.59","356.94","5.82","0.00","0.31","0.02","0.03","0.05","0.12","-0.6","2.18","2.1","0.00","-0.0","-0.09"
00:17:08,"7,320.39","-4,532.97","259.18",On,"260.20","-6.8","60.000000","60.000000","103.000000","104.000000","95.000000","95.000000","0.00","0.00","5.00","5.00","0.000000","0.0","0.000000","0.0","2,764.00","14.70","6.77","6.76","7.93","7.94","0.51","250.00","15.40","200.00","20.06","320.30","1.30","200.00","0.50","7.04","7.55","0.42","0.25","0.59","356.87","5.82","0.00","0.32","0.01","0.01","-0.02","0.00","-0.2","2.22","2.4","0.00","-0.0","-0.12"
00:17:09,"7,312.90","-4,533.99","259.07",On,"260.20","-5.8","60.000000","60.000000","103.000000","104.000000","95.000000","95.000000","0.00","0.00","7.00","7.00","0.000000","0.0","0.000000","0.0","2,772.00","14.70","6.77","6.76","7.93","7.94","0.51","250.00","15.40","200.00","20.07","320.40","1.30","200.00","0.49","7.04","7.55","0.41","0.27","0.56","356.86","5.82","0.00","0.33","-0.00","0.01","0.02","359.89","0.3","2.27","3.8","0.00","-0.0","-0.10"
00:17:10,"7,305.42","-4,535.02","258.98",On,"260.20","-5.2","60.000000","60.000000","103.000000","104.000000","95.000000","95.000000","0.00","0.00","6.00","6.00","0.000000","0.0","0.000000","0.0","2,779.00","14.70","6.73","6.71","7.97","7.99","0.51","250.00","15.40","200.00","20.07","320.40","1.30","200.00","0.50","7.04","7.55","0.42","0.29","0.55","356.86","5.81","0.00","0.33","-0.01","0.03","0.04","359.81","0.8","2.33","3.8","359.99","-0.0","-0.07"
00:17:11,"7,297.94","-4,536.05","258.89",On,"260.20","-5.4","60.000000","60.000000","103.000000","104.000000","95.000000","95.000000","0.00","0.00","4.00","4.00","0.000000","0.0","0.000000","0.0","2,787.00","14.70","6.77","6.75","7.93","7.95","0.51","250.00","15.40","200.00","20.08","320.50","1.30","200.00","0.51","7.04","7.55","0.43","0.30","0.57","356.80","5.81","0.00","0.33","-0.01","-0.00","-0.09","359.73","0.5","2.37","1.4","0.00","0.1","-0.13"
00:17:12,"7,290.45","-4,537.09","258.80",On,"260.20","-6.0","60.000000","60.000000","103.000000","104.000000","95.000000","95.000000","0.00","0.00","3.00","3.00","0.000000","0.0","0.000000","0.0","2,794.00","14.70","6.77","6.75","7.93","7.95","0.51","250.00","15.40","200.00","20.08","320.60","1.30","200.00","0.52","7.04","7.55","0.44","0.29","0.59","356.71","5.81","0.00","0.34","-0.01","0.01","0.03","359.66","-0.1","2.39","0.9","0.00","-0.0","-0.11"
00:17:13,"7,282.97","-4,538.12","258.69",On,"260.20","-6.5","60.000000","60.000000","103.000000","104.000000","95.000000","95.000000","0.00","0.00","3.00","3.00","0.000000","0.0","0.000000","0.0","2,802.00","14.70","6.79","6.78","7.91","7.92","0.51","250.00","15.40","200.00","20.08","320.70","1.30","200.00","0.53","7.04","7.55","0.45","0.29","0.61","356.63","5.81","0.00","0.34","-0.01","0.00","-0.01","359.57","-0.4","2.40","-0.2","0.00","-0.0","-0.13"
00:17:14,"7,275.48","-4,539.17","258.58",On,"260.20","-6.8","60.000000","60.000000","103.000000","104.000000","95.000000","95.000000","0.00","0.00","4.00","4.00","0.000000","0.0","0.000000","0.0","2,809.00","14.70","6.76","6.75","7.94","7.95","0.51","250.00","15.40","200.00","20.08","320.80","1.30","200.00","0.53","7.04","7.55","0.45","0.29","0.63","356.57","5.81","0.00","0.35","-0.02","0.03","0.03","359.49","-0.5","2.39","-0.5","0.00","0.0","-0.10"
00:17:15,"7,268.00","-4,540.22","258.47",On,"260.20","-6.9","60.000000","60.000000","103.000000","104.000000","95.000000","95.000000","0.00","0.00","4.00","4.00","0.000000","0.0","0.000000","0.0","2,817.00","14.70","6.75","6.74","7.95","7.96","0.51","250.00","15.40","200.00","20.09","320.90","1.30","200.00","0.53","7.04","7.54","0.46","0.29","0.63","356.53","5.81","0.00","0.36","-0.02","0.02","-0.02","359.41","-0.4","2.38","0.3","0.00","-0.0","-0.10"
00:17:16,"7,260.52","-4,541.29","258.36",On,"260.20","-6.9","60.000000","60.000000","103.000000","104.000000","95.000000","95.000000","0.00","0.00","4.00","4.00","0.000000","0.0","0.000000","0.0","2,825.00","14.70","6.76","6.74","7.94","7.96","0.51","250.00","15.40","200.00","20.10","321.00","1.30","200.00","0.54","7.04","7.54","0.46","0.29","0.64","356.50","5.81","0.00","0.36","-0.03","0.02","-0.01","359.33","-0.3","2.39","0.5","0.00","-0.0","-0.11"
00:17:17,"7,253.03","-4,542.36","258.24",On,"260.20","-6.9","60.000000","60.000000","103.000000","104.000000","95.000000","95.000000","0.00","0.00","5.00","5.00","0.000000","0.0","0.000000","0.0","2,832.00","14.70","6.79","6.78","7.91","7.92","0.51","250.00","15.40","200.00","20.11","321.10","1.30","200.00","0.54","7.04","7.54","0.47","0.30","0.64","356.48","5.81","0.00","0.37","-0.03","-0.00","-0.04","359.25","-0.2","2.40","1.2","359.99","-0.0","-0.14"
00:17:18,"7,245.55","-4,543.45","258.12",On,"260.20","-6.9","60.000000","60.000000","103.000000","104.000000","95.000000","95.000000","0.00","0.00","5.00","5.00","0.000000","0.0","0.000000","0.0","2,840.00","14.70","6.77","6.76","7.93","7.94","0.51","250.00","15.40","200.00","20.11","321.20","1.30","200.00","0.54","7.04","7.54","0.47","0.30","0.64","356.44","5.82","0.00","0.37","-0.04","0.02","0.05","359.17","-0.1","2.42","1.1","0.00","0.0","-0.10"
00:17:19,"7,238.07","-4,544.55","258.01",On,"261.20","-6.8","60.000000","60.000000","103.000000","104.000000","95.000000","95.000000","0.00","0.00","6.00","6.00","0.000000","0.0","0.000000","0.0","2,847.00","14.70","6.75","6.74","7.95","7.96","0.51","250.00","15.40","200.00","20.12","321.20","1.30","200.00","0.54","7.04","7.54","0.47","0.31","0.64","356.42","5.82","0.00","0.37","-0.04","0.03","-0.04","359.10","-0.0","2.44","1.8","359.99","-0.0","-0.11"
00:17:20,"7,230.60","-4,545.66","257.90",On,"261.20","-6.2","60.000000","60.000000","103.000000","104.000000","95.000000","95.000000","0.00","0.00","8.00","8.00","0.000000","0.0","0.000000","0.0","2,855.00","14.70","6.76","6.75","7.94","7.95","0.51","250.00","15.40","200.00","20.13","321.30","1.30","200.00","0.54","7.04","7.54","0.47","0.32","0.63","356.43","5.81","0.00","0.37","-0.05","0.02","0.06","359.04","0.2","2.47","2.3","359.99","-0.0","-0.09"
00:17:21,"7,223.13","-4,546.79","257.81",On,"261.20","-5.4","60.000000","60.000000","103.000000","104.000000","95.000000","95.000000","0.00","0.00","7.00","7.00","0.000000","0.0","0.000000","0.0","2,862.00","14.70","6.75","6.74","7.95","7.96","0.51","250.00","15.40","200.00","20.14","321.40","1.30","200.00","0.54","7.04","7.54","0.47","0.34","0.61","356.44","5.81","0.00","0.37","-0.05","0.02","-0.06","358.99","0.8","2.51","1.9","0.00","0.0","-0.13"
00:17:22,"7,215.66","-4,547.93","257.72",On,"261.20","-5.4","60.000000","60.000000","103.000000","104.000000","95.000000","95.000000","0.00","0.00","5.00","5.00","0.000000","0.0","0.000000","0.0","2,870.00","14.70","6.80","6.78","7.90","7.92","0.51","250.00","15.40","200.00","20.15","321.40","1.30","200.00","0.54","7.03","7.54","0.47","0.34","0.61","356.45","5.81","0.00","0.37","-0.05","0.00","0.03","358.95","0.6","2.54","1.7","0.00","-0.0","-0.12"
00:17:23,"7,208.20","-4,549.08","257.63",On,"261.20","-5.6","60.000000","60.000000","103.000000","104.000000","95.000000","95.000000","0.00","0.00","5.00","5.00","0.000000","0.0","0.000000","0.0","2,877.00","14.70","6.78","6.76","7.92","7.94","0.51","250.00","15.40","200.00","20.15","321.50","1.30","200.00","0.54","7.03","7.54","0.47","0.34","0.62","356.40","5.81","0.00","0.37","-0.05","0.02","-0.03","358.91","0.1","2.56","0.7","359.99","-0.1","-0.13"
00:17:24,"7,200.72","-4,550.23","257.53",On,"261.20","-5.9","60.000000","60.000000","103.000000","104.000000","95.000000","95.000000","0.00","0.00","6.00","6.00","0.000000","0.0","0.000000","0.0","2,885.00","14.70","6.78","6.77","7.92","7.93","0.51","250.00","15.40","200.00","20.16","321.60","1.30","200.00","0.55","7.03","7.54","0.48","0.34","0.63","356.36","5.81","0.00","0.38","-0.05","0.02","0.05","358.87","-0.0","2.55","-0.7","0.00","0.0","-0.11"
00:17:25,"7,193.25","-4,551.40","257.43",On,"261.20","-5.8","60.000000","60.000000","103.000000","104.000000","95.000000","95.000000","0.00","0.00","6.00","6.00","0.000000","0.0","0.000000","0.0","2,893.00","14.70","6.76","6.75","7.94","7.95","0.51","250.00","15.40","200.00","20.16","321.70","1.30","200.00","0.54","7.03","7.54","0.48","0.34","0.63","356.36","5.81","0.00","0.38","-0.05","0.03","-0.02","358.84","0.0","2.54","0.1","0.00","-0.0","-0.09"
00:17:26,"7,185.80","-4,552.58","257.34",On,"261.20","-5.6","60.000000","60.000000","103.000000","104.000000","95.000000","95.000000","0.00","0.00","7.00","7.00","0.000000","0.0","0.000000","0.0","2,900.00","14.70","6.73","6.72","7.97","7.98","0.51","250.00","15.40","200.00","20.17","321.70","1.30","200.00","0.54","7.03","7.54","0.48","0.34","0.62","356.37","5.81","0.00","0.38","-0.05","0.03","-0.02","358.80","0.1","2.54","0.0","359.99","-0.0","-0.09"
00:17:27,"7,178.35","-4,553.77","257.24",On,"261.20","-5.3","60.000000","60.000000","103.000000","104.000000","95.000000","95.000000","0.00","0.00","7.00","7.00","0.000000","0.0","0.000000","0.0","2,908.00","14.70","6.79","6.77","7.91","7.93","0.51","250.00","15.40","200.00","20.18","321.80","1.30","200.00","0.54","7.03","7.54","0.48","0.35","0.61","356.37","5.81","0.00","0.38","-0.05","-0.00","-0.03","358.77","0.2","2.54","-0.7","0.00","0.1","-0.12"
00:17:28,"7,170.89","-4,554.97","257.16",On,"261.20","-5.1","60.000000","60.000000","103.000000","104.000000","95.000000","95.000000","0.00","0.00","7.00","7.00","0.000000","0.0","0.000000","0.0","2,915.00","14.70","6.75","6.74","7.95","7.96","0.51","250.00","15.40","200.00","20.19","321.90","1.30","200.00","0.54","7.03","7.54","0.47","0.35","0.60","356.38","5.81","0.00","0.38","-0.06","0.03","0.00","358.75","0.3","2.54","0.7","0.00","-0.0","-0.11"
00:17:29,"7,163.44","-4,556.19","257.08",On,"261.20","-4.8","60.000000","60.000000","103.000000","104.000000","95.000000","95.000000","0.00","0.00","7.00","7.00","0.000000","0.0","0.000000","0.0","2,923.00","14.70","6.80","6.78","7.90","7.92","0.51","250.00","15.40","200.00","20.20","321.90","1.30","200.00","0.53","7.03","7.54","0.47","0.36","0.59","356.41","5.81","0.00","0.38","-0.06","0.00","-0.01","358.73","0.4","2.55","0.8","359.99","-0.1","-0.14"
00:17:30,"7,155.98","-4,557.42","257.00",On,"261.20","-4.5","60.000000","60.000000","103.000000","104.000000","95.000000","95.000000","0.00","0.00","7.00","7.00","0.000000","0.0","0.000000","0.0","2,930.00","14.70","6.76","6.75","7.94","7.95","0.51","250.00","15.40","200.00","20.21","322.00","1.30","200.00","0.53","7.03","7.54","0.47","0.36","0.58","356.43","5.81","0.00","0.37","-0.06","0.03","0.03","358.71","0.4","2.55","0.5","359.99","-0.0","-0.10"
00:17:31,"7,148.54","-4,558.66","256.93",On,"261.20","-4.3","60.000000","60.000000","103.000000","104.000000","95.000000","95.000000","0.00","0.00","7.00","7.00","0.000000","0.0","0.000000","0.0","2,938.00","14.70","6.75","6.73","7.95","7.97","0.51","250.00","15.40","200.00","20.21","322.00","1.30","200.00","0.53","7.03","7.53","0.47","0.36","0.58","356.43","5.81","0.00","0.37","-0.06","0.03","0.03","358.70","0.4","2.55","0.2","359.99","0.0","-0.08"
00:17:32,"7,141.10","-4,559.92","256.86",On,"261.20","-4.0","60.000000","60.000000","103.000000","104.000000","95.000000","95.000000","0.00","0.00","7.00","7.00","0.000000","0.0","0.000000","0.0","2,945.00","14.70","6.75","6.73","7.95","7.97","0.51","250.00","15.40","200.00","20.22","322.10","1.30","200.00","0.53","7.03","7.53","0.47","0.37","0.57","356.45","5.81","0.00","0.37","-0.05","0.02","-0.06","358.70","0.4","2.55","-0.3","0.00","0.0","-0.10"
00:17:33,"7,133.66","-4,561.18","256.79",On,"261.20","-3.8","60.000000","60.000000","103.000000","104.000000","95.000000","95.000000","0.00","0.00","7.00","7.00","0.000000","0.0","0.000000","0.0","2,953.00","14.70","6.76","6.75","7.94","7.95","0.51","250.00","15.40","200.00","20.23","322.10","1.30","200.00","0.52","7.03","7.53","0.46","0.37","0.56","356.48","5.81","0.00","0.37","-0.06","0.01","0.05","358.70","0.4","2.55","-0.2","0.00","0.0","-0.08"
00:17:34,"7,126.22","-4,562.46","256.73",On,"262.20","-3.6","60.000000","60.000000","103.000000","104.000000","95.000000","95.000000","0.00","0.00","8.00","8.00","0.000000","0.0","0.000000","0.0","2,960.00","14.70","6.75","6.74","7.95","7.96","0.51","250.00","15.40","200.00","20.24","322.10","1.30","200.00","0.52","7.03","7.53","0.46","0.37","0.55","356.49","5.81","0.00","0.36","-0.05","0.02","-0.06","358.70","0.4","2.54","-0.6","0.00","0.0","-0.11"
00:17:35,"7,118.78","-4,563.75","256.67",On,"262.20","-3.8","60.000000","60.000000","103.000000","104.000000","95.000000","95.000000","0.00","0.00","5.00","5.00","0.000000","0.0","0.000000","0.0","2,968.00","14.70","6.76","6.75","7.94","7.95","0.51","250.00","15.40","200.00","20.24","322.20","1.30","200.00","0.52","7.03","7.53","0.46","0.37","0.55","356.53","5.81","0.00","0.36","-0.06","0.01","0.02","358.70","0.4","2.53","-0.7","0.00","-0.0","-0.10"
00:17:36,"7,111.34","-4,565.04","256.60",On,"262.20","-4.2","60.000000","60.000000","103.000000","104.000000","95.000000","95.000000","0.00","0.00","6.00","6.00","0.000000","0.0","0.000000","0.0","2,975.00","14.70","6.76","6.75","7.94","7.95","0.51","250.00","15.40","200.00","20.25","322.20","1.30","200.00","0.52","7.03","7.53","0.46","0.36","0.57","356.49","5.81","0.00","0.36","-0.05","0.01","-0.02","358.71","-0.2","2.51","-1.5","359.99","-0.0","-0.11"
00:17:37,"7,103.89","-4,566.34","256.53",On,"262.20","-4.2","60.000000","60.000000","103.000000","104.000000","95.000000","95.000000","0.00","0.00","7.00","7.00","0.000000","0.0","0.000000","0.0","2,983.00","14.70","6.77","6.75","7.93","7.95","0.51","250.00","15.40","200.00","20.25","322.30","1.30","200.00","0.52","7.03","7.53","0.46","0.36","0.57","356.47","5.81","0.00","0.36","-0.05","0.01","-0.01","358.70","-0.2","2.48","-1.8","0.00","0.0","-0.12"
00:17:38,"7,096.47","-4,567.65","256.46",On,"262.20","-3.8","60.000000","60.000000","103.000000","104.000000","95.000000","95.000000","0.00","0.00","8.00","8.00","0.000000","0.0","0.000000","0.0","2,991.00","14.70","6.78","6.76","7.92","7.94","0.51","250.00","15.40","200.00","20.26","322.30","1.30","200.00","0.51","7.03","7.53","0.45","0.36","0.55","356.53","5.81","0.00","0.36","-0.05","0.01","0.01","358.70","0.1","2.46","-0.1","0.00","-0.0","-0.12"
00:17:39,"7,089.04","-4,568.98","256.40",On,"263.20","-3.4","60.000000","60.000000","103.000000","104.000000","95.000000","95.000000","0.00","0.00","8.00","8.00","0.000000","0.0","0.000000","0.0","2,998.00","14.70","6.78","6.76","7.92","7.94","0.51","250.00","15.40","200.00","20.27","322.40","1.30","200.00","0.51","7.03","7.53","0.45","0.37","0.53","356.58","5.80","0.00","0.36","-0.05","0.01","-0.01","358.70","0.3","2.46","0.2","359.99","-0.0","-0.13"
00:17:40,"7,081.61","-4,570.32","256.35",On,"263.20","-3.2","60.000000","60.000000","103.000000","104.000000","95.000000","95.000000","0.00","0.00","7.00","7.00","0.000000","0.0","0.000000","0.0","3,006.00","14.70","6.79","6.78","7.91","7.92","0.51","250.00","15.40","200.00","20.28","322.40","1.30","200.00","0.50","7.03","7.53","0.45","0.37","0.53","356.60","5.80","0.00","0.35","-0.05","0.01","0.03","358.71","0.5","2.46","-0.3","0.00","0.0","-0.12"
00:17:41,"7,074.19","-4,571.67","256.29",On,"263.20","-3.5","60.000000","60.000000","103.000000","104.000000","95.000000","95.000000","0.00","0.00","6.00","6.00","0.000000","0.0","0.000000","0.0","3,013.00","14.70","6.75","6.74","7.95","7.96","0.51","250.00","15.40","200.00","20.28","322.40","1.30","200.00","0.50","7.03","7.53","0.45","0.36","0.53","356.61","5.81","0.00","0.35","-0.05","0.03","0.04","358.72","0.1","2.46","-0.3","0.00","-0.0","-0.09"
00:17:42,"7,066.76","-4,573.03","256.24",On,"263.20","-3.2","60.000000","60.000000","103.000000","104.000000","95.000000","95.000000","0.00","0.00","8.00","8.00","0.000000","0.0","0.000000","0.0","3,021.00","14.70","6.78","6.76","7.92","7.94","0.51","250.00","15.40","200.00","20.29","322.50","1.30","200.00","0.50","7.03","7.53","0.45","0.37","0.53","356.61","5.81","0.00","0.35","-0.05","0.01","-0.06","358.73","0.1","2.45","-0.7","0.00","0.0","-0.13"
00:17:43,"7,059.34","-4,574.39","256.19",On,"263.20","-2.7","60.000000","60.000000","103.000000","104.000000","95.000000","95.000000","0.00","0.00","9.00","9.00","0.000000","0.0","0.000000","0.0","3,028.00","14.70","6.78","6.76","7.92","7.94","0.51","250.00","15.40","200.00","20.29","322.50","1.30","200.00","0.49","7.03","7.53","0.44","0.37","0.51","356.65","5.81","0.00","0.35","-0.05","0.01","0.03","358.74","0.4","2.45","-0.2","0.00","0.0","-0.11"
00:17:44,"7,051.92","-4,575.77","256.15",On,"263.20","-2.0","60.000000","60.000000","103.000000","104.000000","95.000000","95.000000","0.00","0.00","9.00","9.00","0.000000","0.0","0.000000","0.0","3,036.00","14.70","6.78","6.77","7.92","7.93","0.51","250.00","15.40","200.00","20.30","322.50","1.30","200.00","0.48","7.03","7.53","0.43","0.38","0.48","356.72","5.81","0.00","0.34","-0.05","0.01","0.00","358.76","0.7","2.46","1.2","0.00","-0.0","-0.11"
00:17:45,"7,044.51","-4,577.16","256.12",On,"263.20","-1.4","60.000000","60.000000","103.000000","104.000000","95.000000","95.000000","0.00","0.00","10.00","10.00","0.000000","0.0","0.000000","0.0","3,043.00","14.70","6.77","6.75","7.93","7.95","0.51","250.00","15.40","200.00","20.31","322.50","1.30","200.00","0.48","7.03","7.53","0.42","0.39","0.46","356.77","5.81","0.00","0.34","-0.05","0.02","-0.05","358.79","0.9","2.47","0.7","359.99","-0.0","-0.12"
00:17:46,"7,037.10","-4,578.57","256.10",On,"263.20","-0.8","60.000000","60.000000","103.000000","104.000000","95.000000","95.000000","0.00","0.00","10.00","10.00","0.000000","0.0","0.000000","0.0","3,051.00","14.70","6.77","6.76","7.93","7.94","0.51","250.00","15.40","200.00","20.32","322.50","1.30","200.00","0.47","7.03","7.53","0.41","0.40","0.43","356.83","5.80","0.00","0.33","-0.06","0.02","0.04","358.83","1.0","2.48","0.8","359.99","-0.0","-0.10"
00:17:47,"7,029.68","-4,579.98","256.10",On,"263.20","-0.2","60.000000","60.000000","103.000000","104.000000","95.000000","95.000000","0.00","0.00","10.00","10.00","0.000000","0.0","0.000000","0.0","3,058.00","14.70","6.77","6.76","7.93","7.94","0.51","250.00","15.40","200.00","20.32","322.50","1.30","200.00","0.46","7.03","7.53","0.41","0.40","0.41","356.88","5.80","0.00","0.32","-0.05","0.01","-0.05","358.87","1.0","2.49","0.3","359.99","0.0","-0.13"
00:17:48,"7,022.27","-4,581.39","256.10",On,"263.20","0.2","60.000000","60.000000","103.000000","104.000000","95.000000","95.000000","0.00","0.00","10.00","10.00","0.000000","0.0","0.000000","0.0","3,066.00","14.70","6.77","6.76","7.93","7.94","0.51","250.00","15.40","200.00","20.33","322.50","1.30","200.00","0.45","7.03","7.53","0.40","0.41","0.39","356.93","5.81","0.00","0.32","-0.05","0.02","0.05","358.93","0.9","2.49","-0.1","359.99","-0.0","-0.10"
00:17:49,"7,014.86","-4,582.82","256.10",On,"263.20","0.6","60.000000","60.000000","103.000000","103.000000","95.000000","95.000000","0.00","0.00","10.00","10.00","0.000000","0.0","0.000000","0.0","3,074.00","14.70","6.75","6.73","7.95","7.97","0.51","250.00","15.40","200.00","20.33","322.50","1.30","200.00","0.45","7.03","7.53","0.39","0.41","0.38","356.99","5.81","0.00","0.31","-0.05","0.03","-0.00","358.98","0.8","2.48","-0.7","359.99","0.0","-0.10"
00:17:50,"7,007.45","-4,584.25","256.12",On,"263.20","1.0","60.000000","60.000000","104.000000","103.000000","95.000000","95.000000","0.00","0.00","10.00","10.00","0.000000","0.0","0.000000","0.0","3,081.00","14.70","6.76","6.75","7.94","7.95","0.51","250.00","15.40","200.00","20.33","322.40","1.30","200.00","0.44","7.03","7.53","0.39","0.41","0.36","357.03","5.81","0.00","0.31","-0.04","0.01","0.01","359.04","0.8","2.46","-1.5","0.00","0.0","-0.10"
00:17:51,"7,000.04","-4,585.68","256.14",On,"263.20","1.3","60.000000","60.000000","104.000000","103.000000","95.000000","95.000000","0.00","0.00","10.00","10.00","0.000000","0.0","0.000000","0.0","3,089.00","14.70","6.76","6.75","7.94","7.95","0.51","250.00","15.40","200.00","20.34","322.40","1.30","200.00","0.43","7.03","7.53","0.38","0.41","0.34","357.11","5.81","0.00","0.30","-0.04","0.01","0.00","359.11","0.7","2.44","-0.7","0.00","-0.0","-0.10"
00:17:52,"6,992.62","-4,587.12","256.16",On,"263.20","1.6","60.000000","60.000000","104.000000","103.000000","95.000000","95.000000","0.00","0.00","10.00","10.00","0.000000","0.0","0.000000","0.0","3,096.00","14.70","6.74","6.73","7.96","7.97","0.51","250.00","15.40","200.00","20.34","322.40","1.30","200.00","0.43","7.03","7.54","0.37","0.41","0.33","357.17","5.81","0.00","0.29","-0.04","0.02","0.01","359.17","0.6","2.42","-1.7","0.00","-0.0","-0.09"
00:17:53,"6,985.22","-4,588.57","256.19",On,"263.20","1.9","60.000000","60.000000","104.000000","103.000000","95.000000","95.000000","0.00","0.00","10.00","10.00","0.000000","0.0","0.000000","0.0","3,104.00","14.70","6.78","6.77","7.92","7.93","0.51","250.00","15.40","200.00","20.34","322.40","1.30","200.00","0.42","7.03","7.54","0.36","0.41","0.32","357.21","5.81","0.00","0.29","-0.03","-0.01","-0.02","359.24","0.6","2.38","-2.5","0.00","0.0","-0.11"
00:17:54,"6,977.82","-4,590.02","256.22",On,"263.20","2.2","60.000000","60.000000","104.000000","103.000000","95.000000","95.000000","0.00","0.00","10.00","10.00","0.000000","0.0","0.000000","0.0","3,111.00","14.70","6.75","6.74","7.95","7.96","0.51","250.00","15.40","200.00","20.35","322.30","1.30","200.00","0.41","7.03","7.54","0.35","0.41","0.30","357.30","5.81","0.00","0.28","-0.03","0.02","-0.02","359.31","0.6","2.35","-1.4","0.00","-0.0","-0.11"
00:17:55,"6,970.42","-4,591.47","256.26",On,"263.20","2.5","60.000000","60.000000","104.000000","103.000000","95.000000","95.000000","0.00","0.00","10.00","10.00","0.000000","0.0","0.000000","0.0","3,119.00","14.70","6.79","6.77","7.91","7.93","0.51","250.00","15.40","200.00","20.35","322.30","1.30","200.00","0.40","7.03","7.54","0.35","0.40","0.28","357.36","5.81","0.00","0.27","-0.03","-0.00","0.01","359.38","0.5","2.33","-1.8","359.99","-0.0","-0.11"
00:17:56,"6,963.02","-4,592.93","256.31",On,"263.20","2.7","60.000000","60.000000","104.000000","103.000000","95.000000","95.000000","0.00","0.00","10.00","10.00","0.000000","0.0","0.000000","0.0","3,126.00","14.70","6.75","6.74","7.95","7.96","0.51","250.00","15.40","200.00","20.35","322.20","1.30","200.00","0.39","7.03","7.54","0.34","0.40","0.27","357.41","5.81","0.00","0.26","-0.02","0.02","-0.02","359.45","0.5","2.29","-1.4","0.00","-0.0","-0.10"
00:17:57,"6,955.62","-4,594.39","256.35",On,"263.20","3.0","60.000000","60.000000","104.000000","103.000000","95.000000","95.000000","0.00","0.00","10.00","10.00","0.000000","0.0","0.000000","0.0","3,134.00","14.70","6.76","6.74","7.94","7.96","0.51","250.00","15.40","200.00","20.36","322.20","1.30","200.00","0.38","7.03","7.54","0.33","0.40","0.25","357.49","5.81","0.00","0.26","-0.02","0.01","-0.01","359.52","0.5","2.27","-1.1","0.00","-0.0","-0.11"
00:17:58,"6,948.23","-4,595.85","256.40",On,"263.20","3.2","60.000000","60.000000","104.000000","103.000000","95.000000","95.000000","0.00","0.00","9.00","9.00","0.000000","0.0","0.000000","0.0","3,141.00","14.70","6.79","6.78","7.91","7.92","0.51","250.00","15.40","200.00","20.36","322.10","1.30","200.00","0.38","7.03","7.54","0.32","0.40","0.24","357.54","5.81","0.00","0.25","-0.02","-0.01","-0.05","359.59","0.5","2.25","-1.6","0.00","0.0","-0.15"
00:17:59,"6,940.83","-4,597.31","256.46",On,"263.20","3.4","60.000000","60.000000","104.000000","103.000000","95.000000","95.000000","0.00","0.00","9.00","9.00","0.000000","0.0","0.000000","0.0","3,149.00","14.70","6.79","6.78","7.91","7.92","0.51","250.00","15.40","200.00","20.36","322.10","1.30","200.00","0.37","7.04","7.54","0.31","0.40","0.23","357.60","5.81","0.00","0.24","-0.02","0.01","0.05","359.66","0.4","2.22","-2.1","0.00","0.1","-0.13"
00:18:00,"6,933.42","-4,598.77","256.52",On,"263.20","3.7","60.000000","60.000000","104.000000","103.000000","95.000000","95.000000","0.00","0.00","9.00","9.00","0.000000","0.0","0.000000","0.0","3,156.00","14.70","6.77","6.76","7.93","7.94","0.51","250.00","15.40","200.00","20.36","322.00","1.30","200.00","0.36","7.04","7.54","0.30","0.39","0.21","357.67","5.81","0.00","0.24","-0.02","0.02","0.02","359.73","0.4","2.20","-0.9","0.00","-0.0","-0.10"
00:18:01,"6,926.00","-4,600.23","256.58",On,"263.20","3.9","60.000000","60.000000","104.000000","103.000000","95.000000","95.000000","0.00","0.00","9.00","9.00","0.000000","0.0","0.000000","0.0","3,164.00","14.70","6.75","6.74","7.95","7.96","0.51","250.00","15.40","200.00","20.36","321.90","1.30","200.00","0.35","7.04","7.55","0.30","0.39","0.20","357.72","5.82","0.00","0.23","-0.01","0.03","0.04","359.80","0.4","2.18","-1.0","0.00","-0.0","-0.09"
00:18:02,"6,918.59","-4,601.69","256.65",On,"263.20","4.1","60.000000","60.000000","103.000000","103.000000","95.000000","95.000000","0.00","0.00","9.00","9.00","0.000000","0.0","0.000000","0.0","3,172.00","14.70","6.77","6.76","7.93","7.94","0.51","250.00","15.40","200.00","20.36","321.90","1.30","200.00","0.35","7.04","7.55","0.29","0.39","0.19","357.78","5.82","0.00","0.23","-0.01","0.00","-0.07","359.88","0.4","2.16","-1.8","0.00","0.0","-0.14"
00:18:03,"6,911.18","-4,603.15","256.72",On,"263.20","4.3","60.000000","60.000000","103.000000","103.000000","95.000000","95.000000","0.00","0.00","9.00","9.00","0.000000","0.0","0.000000","0.0","3,179.00","14.70","6.79","6.78","7.91","7.92","0.51","250.00","15.40","200.00","20.36","321.80","1.30","200.00","0.34","7.04","7.55","0.28","0.39","0.18","357.83","5.82","0.00","0.22","-0.01","-0.00","0.06","359.95","0.4","2.14","-1.4","0.00","0.0","-0.12"
00:18:04,"6,903.76","-4,604.61","256.79",On,"263.20","4.5","60.000000","60.000000","103.000000","103.000000","95.000000","95.000000","0.00","0.00","9.00","9.00","0.000000","0.0","0.000000","0.0","3,187.00","14.70","6.77","6.76","7.93","7.94","0.51","250.00","15.40","200.00","20.36","321.80","1.30","200.00","0.34","7.04","7.55","0.27","0.38","0.16","357.89","5.82","0.00","0.21","-0.00","0.01","-0.02","0.02","0.3","2.12","-0.7","0.00","-0.0","-0.10"
00:18:05,"6,896.35","-4,606.06","256.87",On,"263.20","4.6","60.000000","60.000000","103.000000","103.000000","95.000000","95.000000","0.00","0.00","9.00","9.00","0.000000","0.0","0.000000","0.0","3,194.00","14.70","6.74","6.73","7.96","7.97","0.51","250.00","15.40","200.00","20.36","321.70","1.30","200.00","0.33","7.05","7.55","0.27","0.38","0.16","357.94","5.82","0.00","0.21","0.00","0.02","-0.01","0.09","0.3","2.10","-2.1","0.00","0.1","-0.09"
00:18:06,"6,888.93","-4,607.51","256.95",On,"263.20","4.8","60.000000","60.000000","103.000000","103.000000","95.000000","95.000000","0.00","0.00","9.00","9.00","0.000000","0.0","0.000000","0.0","3,202.00","14.70","6.77","6.76","7.93","7.94","0.51","250.00","15.40","200.00","20.36","321.60","1.30","200.00","0.33","7.05","7.55","0.26","0.38","0.14","357.97","5.82","0.00","0.20","0.01","-0.00","-0.02","0.16","0.3","2.07","-1.3","0.00","0.0","-0.12"
00:18:07,"6,881.52","-4,608.96","257.03",On,"263.20","4.9","60.000000","60.000000","103.000000","103.000000","95.000000","95.000000","0.00","0.00","9.00","9.00","0.000000","0.0","0.000000","0.0","3,209.00","14.70","6.76","6.75","7.94","7.95","0.51","250.00","15.40","200.00","20.36","321.60","1.30","200.00","0.32","7.05","7.55","0.26","0.38","0.13","358.04","5.82","0.00","0.20","0.01","0.01","-0.02","0.23","0.3","2.06","-0.7","0.00","-0.0","-0.11"
00:18:08,"6,874.10","-4,610.41","257.11",On,"263.20","5.1","60.000000","60.000000","103.000000","103.000000","95.000000","95.000000","0.00","0.00","9.00","9.00","0.000000","0.0","0.000000","0.0","3,217.00","14.70","6.79","6.77","7.91","7.93","0.51","250.00","15.40","200.00","20.35","321.50","1.30","200.00","0.32","7.05","7.56","0.25","0.38","0.12","358.08","5.82","0.00","0.19","0.01","-0.01","0.00","0.30","0.3","2.04","-1.3","359.99","-0.0","-0.12"
00:18:09,"6,866.67","-4,611.84","257.20",On,"263.20","5.2","60.000000","60.000000","103.000000","103.000000","95.000000","95.000000","0.00","0.00","9.00","9.00","0.000000","0.0","0.000000","0.0","3,224.00","14.70","6.75","6.74","7.95","7.96","0.51","250.00","15.40","200.00","20.35","321.40","1.30","200.00","0.31","7.05","7.56","0.24","0.37","0.11","358.12","5.82","0.01","0.19","0.01","0.02","0.01","0.37","0.3","2.02","-0.7","0.00","-0.0","-0.09"
00:18:10,"6,859.25","-4,613.28","257.28",On,"263.20","5.3","60.000000","60.000000","103.000000","103.000000","95.000000","95.000000","0.00","0.00","9.00","9.00","0.000000","0.0","0.000000","0.0","3,232.00","14.70","6.74","6.73","7.96","7.97","0.51","250.00","15.40","200.00","20.35","321.30","1.30","200.00","0.30","7.05","7.56","0.24","0.37","0.10","358.17","5.83","0.00","0.18","0.01","0.02","0.03","0.43","0.2","2.01","-0.8","0.00","-0.0","-0.08"
00:18:11,"6,851.82","-4,614.70","257.37",On,"263.20","5.4","60.000000","60.000000","103.000000","103.000000","95.000000","95.000000","0.00","0.00","9.00","9.00","0.000000","0.0","0.000000","0.0","3,240.00","14.70","6.75","6.74","7.95","7.96","0.51","250.00","15.40","200.00","20.34","321.30","1.30","200.00","0.30","7.06","7.56","0.24","0.37","0.10","358.20","5.83","0.01","0.18","0.02","0.00","-0.06","0.50","0.2","1.99","-1.4","0.00","0.0","-0.12"
00:18:12,"6,844.39","-4,616.12","257.46",On,"263.20","5.5","60.000000","60.000000","103.000000","103.000000","95.000000","95.000000","0.00","0.00","9.00","9.00","0.000000","0.0","0.000000","0.0","3,247.00","14.70","6.76","6.75","7.94","7.95","0.51","250.00","15.40","200.00","20.34","321.20","1.30","200.00","0.29","7.06","7.56","0.23","0.36","0.09","358.24","5.83","0.01","0.17","0.02","0.01","0.05","0.56","0.2","1.97","-0.5","0.00","-0.0","-0.10"
00:18:13,"6,836.96","-4,617.54","257.56",On,"263.20","5.6","60.000000","60.000000","103.000000","103.000000","95.000000","95.000000","0.00","0.00","9.00","9.00","0.000000","0.0","0.000000","0.0","3,255.00","14.70","6.79","6.77","7.91","7.93","0.51","250.00","15.40","200.00","20.34","321.10","1.30","200.00","0.29","7.06","7.56","0.22","0.36","0.08","358.29","5.83","0.01","0.17","0.02","-0.01","-0.04","0.62","0.2","1.97","-0.6","0.00","-0.0","-0.12"
00:18:14,"6,829.52","-4,618.94","257.65",On,"263.20","5.7","60.000000","60.000000","103.000000","103.000000","95.000000","95.000000","0.00","0.00","9.00","9.00","0.000000","0.0","0.000000","0.0","3,262.00","14.70","6.75","6.73","7.95","7.97","0.51","250.00","15.40","200.00","20.33","321.00","1.30","200.00","0.29","7.06","7.57","0.22","0.36","0.07","358.33","5.83","0.01","0.16","0.02","0.02","0.03","0.68","0.2","1.96","-0.4","0.00","-0.0","-0.09"
00:18:15,"6,822.08","-4,620.34","257.75",On,"263.20","5.8","60.000000","60.000000","103.000000","103.000000","95.000000","95.000000","0.00","0.00","9.00","9.00","0.000000","0.0","0.000000","0.0","3,270.00","14.70","6.78","6.77","7.92","7.93","0.51","250.00","15.40","200.00","20.33","321.00","1.30","200.00","0.28","7.06","7.57","0.21","0.35","0.07","358.36","5.83","0.01","0.16","0.03","-0.01","-0.03","0.74","0.2","1.94","-0.5","0.00","-0.0","-0.12"
00:18:16,"6,814.64","-4,621.74","257.84",On,"263.20","5.8","60.000000","60.000000","103.000000","103.000000","95.000000","95.000000","0.00","0.00","9.00","9.00","0.000000","0.0","0.000000","0.0","3,277.00","14.70","6.76","6.75","7.94","7.95","0.51","250.00","15.40","200.00","20.33","320.90","1.30","200.00","0.28","7.06","7.57","0.21","0.35","0.06","358.40","5.83","0.00","0.16","0.03","0.01","0.01","0.80","0.1","1.94","-0.6","0.00","0.0","-0.11"
00:18:17,"6,807.19","-4,623.12","257.94",On,"263.20","5.9","60.000000","60.000000","103.000000","103.000000","95.000000","95.000000","0.00","0.00","8.00","8.00","0.000000","0.0","0.000000","0.0","3,285.00","14.70","6.78","6.77","7.92","7.93","0.51","250.00","15.40","200.00","20.32","320.80","1.30","200.00","0.28","7.06","7.57","0.20","0.35","0.05","358.44","5.83","0.00","0.15","0.03","-0.00","-0.02","0.85","0.1","1.93","-0.2","359.99","-0.0","-0.11"
00:18:18,"6,799.75","-4,624.50","258.04",On,"263.20","5.9","60.000000","60.000000","104.000000","103.000000","95.000000","95.000000","0.00","0.00","8.00","8.00","0.000000","0.0","0.000000","0.0","3,292.00","14.70","6.77","6.76","7.93","7.94","0.51","250.00","15.40","200.00","20.32","320.70","1.30","200.00","0.27","7.07","7.57","0.20","0.35","0.05","358.45","5.83","0.01","0.15","0.04","0.00","-0.02","0.90","0.1","1.92","-0.6","0.00","0.0","-0.12"
00:18:19,"6,792.30","-4,625.86","258.14",On,"263.20","6.0","60.000000","60.000000","103.000000","103.000000","95.000000","95.000000","0.00","0.00","8.00","8.00","0.000000","0.0","0.000000","0.0","3,300.00","14.70","6.76","6.75","7.94","7.95","0.51","250.00","15.40","200.00","20.31","320.70","1.30","200.00","0.27","7.07","7.57","0.20","0.34","0.04","358.50","5.83","0.01","0.15","0.03","0.01","0.02","0.96","0.1","1.91","-0.2","0.00","-0.0","-0.11"
00:18:20,"6,784.85","-4,627.22","258.24",On,"263.20","6.0","60.000000","60.000000","103.000000","103.000000","95.000000","95.000000","0.00","0.00","8.00","8.00","0.000000","0.0","0.000000","0.0","3,308.00","14.70","6.78","6.76","7.92","7.94","0.51","250.00","15.40","200.00","20.31","320.60","1.30","200.00","0.27","7.07","7.57","0.19","0.34","0.04","358.53","5.84","0.01","0.14","0.04","0.00","-0.02","1.01","0.1","1.91","-0.3","359.99","-0.0","-0.12"
00:18:21,"6,777.39","-4,628.57","258.34",On,"263.20","6.0","60.000000","60.000000","103.000000","103.000000","95.000000","95.000000","0.00","0.00","8.00","8.00","0.000000","0.0","0.000000","0.0","3,315.00","14.70","6.77","6.75","7.93","7.95","0.51","250.00","15.40","200.00","20.30","320.50","1.30","200.00","0.27","7.07","7.58","0.19","0.34","0.04","358.53","5.84","0.01","0.14","0.04","0.01","0.02","1.05","0.1","1.89","-1.7","0.00","0.1","-0.11"
00:18:22,"6,769.93","-4,629.91","258.44",On,"263.20","6.0","60.000000","60.000000","103.000000","103.000000","95.000000","95.000000","0.00","0.00","8.00","8.00","0.000000","0.0","0.000000","0.0","3,323.00","14.70","6.78","6.77","7.92","7.93","0.51","250.00","15.40","200.00","20.30","320.40","1.30","200.00","0.26","7.07","7.58","0.19","0.33","0.03","358.58","5.84","0.01","0.14","0.04","-0.00","0.00","1.10","0.0","1.87","-1.1","0.00","-0.0","-0.11"
00:18:23,"6,762.47","-4,631.24","258.54",On,"263.20","5.9","60.000000","60.000000","103.000000","103.000000","95.000000","95.000000","0.00","0.00","8.00","8.00","0.000000","0.0","0.000000","0.0","3,330.00","14.70","6.75","6.74","7.95","7.96","0.51","250.00","15.40","200.00","20.29","320.40","1.30","200.00","0.26","7.08","7.58","0.18","0.33","0.03","358.61","5.84","0.01","0.13","0.04","0.02","-0.00","1.14","-0.0","1.84","-1.9","359.99","-0.0","-0.10"
00:18:24,"6,755.01","-4,632.57","258.64",On,"263.20","5.9","60.000000","60.000000","103.000000","103.000000","95.000000","95.000000","0.00","0.00","8.00","8.00","0.000000","0.0","0.000000","0.0","3,338.00","14.70","6.76","6.75","7.94","7.95","0.51","250.00","15.40","200.00","20.29","320.30","1.30","200.00","0.26","7.08","7.58","0.18","0.32","0.03","358.63","5.84","0.01","0.13","0.04","0.01","-0.00","1.18","-0.1","1.81","-2.6","359.99","-0.0","-0.11"
00:18:25,"6,747.53","-4,633.88","258.73",On,"263.20","5.8","60.000000","60.000000","103.000000","103.000000","95.000000","95.000000","0.00","0.00","8.00","8.00","0.000000","0.0","0.000000","0.0","3,346.00","14.70","6.76","6.74","7.94","7.96","0.51","250.00","15.40","200.00","20.29","320.20","1.30","200.00","0.25","7.08","7.58","0.17","0.31","0.02","358.69","5.85","0.01","0.13","0.04","0.01","0.03","1.22","-0.1","1.76","-2.4","0.00","-0.0","-0.09"
00:18:26,"6,740.05","-4,635.19","258.83",On,"263.20","5.7","60.000000","60.000000","104.000000","103.000000","95.000000","95.000000","0.00","0.00","8.00","8.00","0.000000","0.0","0.000000","0.0","3,353.00","14.70","6.77","6.75","7.93","7.95","0.51","250.00","15.40","200.00","20.28","320.10","1.30","200.00","0.24","7.08","7.59","0.17","0.30","0.02","358.73","5.85","0.01","0.12","0.04","-0.00","-0.05","1.25","-0.1","1.72","-2.8","359.99","-0.0","-0.12"
00:18:27,"6,732.58","-4,636.50","258.92",On,"263.20","5.7","60.000000","60.000000","104.000000","103.000000","95.000000","95.000000","0.00","0.00","8.00","8.00","0.000000","0.0","0.000000","0.0","3,361.00","14.70","6.78","6.76","7.92","7.94","0.51","250.00","14.43","200.00","19.37","321.00","1.30","200.00","0.24","7.09","7.59","0.16","0.30","0.02","358.77","5.85","0.01","0.12","0.04","0.00","0.06","1.28","-0.1","1.67","-3.4","0.00","0.1","-0.10"
00:18:28,"6,725.10","-4,637.80","259.02",On,"263.20","5.7","60.000000","60.000000","104.000000","103.000000","95.000000","95.000000","0.00","0.00","8.00","8.00","0.000000","0.0","0.000000","0.0","3,368.00","14.70","6.79","6.78","7.91","7.92","0.51","250.00","13.34","200.00","18.34","322.10","1.30","200.00","0.23","7.09","7.59","0.15","0.29","0.01","358.84","5.85","0.01","0.12","0.04","-0.01","-0.09","1.31","-0.1","1.62","-2.4","0.00","-0.0","-0.15"
00:18:29,"6,717.61","-4,639.09","259.12",On,"263.20","5.7","60.000000","60.000000","103.000000","103.000000","95.000000","95.000000","0.00","0.00","8.00","8.00","0.000000","0.0","0.000000","0.0","3,376.00","14.70","6.79","6.77","7.91","7.93","0.51","250.00","12.58","200.00","17.63","322.90","1.30","200.00","0.22","7.09","7.60","0.14","0.28","-0.00","358.89","5.85","0.01","0.11","0.03","0.01","0.07","1.34","-0.0","1.58","-2.3","0.00","-0.0","-0.11"
00:18:30,"6,710.12","-4,640.38","259.21",On,"263.20","5.8","60.000000","60.000000","103.000000","103.000000","95.000000","95.000000","0.00","0.00","8.00","8.00","0.000000","0.0","0.000000","0.0","3,383.00","14.70","6.76","6.74","7.94","7.96","0.51","250.00","12.06","200.00","17.15","323.40","1.30","200.00","0.22","7.10","7.60","0.14","0.28","-0.01","358.96","5.85","0.01","0.10","0.03","0.01","-0.02","1.36","0.0","1.55","-2.0","359.99","-0.0","-0.10"
00:18:31,"6,702.64","-4,641.67","259.31",On,"263.20","5.9","60.000000","60.000000","103.000000","103.000000","95.000000","95.000000","0.00","0.00","8.00","8.00","0.000000","0.0","0.000000","0.0","3,391.00","14.70","6.77","6.76","7.93","7.94","0.51","250.00","11.73","200.00","16.85","323.80","1.30","200.00","0.21","7.10","7.60","0.13","0.27","-0.02","359.01","5.85","0.01","0.10","0.03","0.00","0.01","1.39","0.1","1.52","-1.1","359.99","-0.0","-0.12"
00:18:32,"6,695.14","-4,642.95","259.41",On,"263.20","6.1","60.000000","60.000000","103.000000","103.000000","95.000000","95.000000","0.00","0.00","8.00","8.00","0.000000","0.0","0.000000","0.0","3,399.00","14.70","6.77","6.75","7.93","7.95","0.51","250.00","11.57","200.00","16.69","323.90","1.30","200.00","0.20","7.10","7.60","0.12","0.27","-0.03","359.06","5.86","0.01","0.09","0.03","0.01","0.02","1.42","0.1","1.51","-0.4","359.99","0.0","-0.11"
00:18:33,"6,687.64","-4,644.22","259.51",On,"263.20","6.2","60.000000","60.000000","103.000000","103.000000","95.000000","95.000000","0.00","0.00","8.00","8.00","0.000000","0.0","0.000000","0.0","3,406.00","14.70","6.77","6.76","7.93","7.94","0.51","250.00","11.57","200.00","16.70","323.80","1.30","200.00","0.20","7.10","7.61","0.12","0.27","-0.04","359.12","5.86","0.01","0.09","0.03","-0.00","-0.03","1.45","0.2","1.51","0.2","359.99","0.0","-0.12"
00:18:34,"6,680.14","-4,645.49","259.62",On,"263.20","6.4","60.000000","60.000000","103.000000","103.000000","95.000000","95.000000","0.00","0.00","8.00","8.00","0.000000","0.0","0.000000","0.0","3,414.00","14.70","6.75","6.74","7.95","7.96","0.51","250.00","11.78","200.00","16.88","323.50","1.30","200.00","0.20","7.11","7.61","0.11","0.27","-0.05","359.13","5.86","0.01","0.08","0.03","0.01","0.05","1.48","0.2","1.51","0.2","0.00","0.0","-0.09"
00:18:35,"6,672.64","-4,646.75","259.72",On,"263.20","6.0","60.000000","60.000000","103.000000","103.000000","95.000000","95.000000","0.00","0.00","7.00","7.00","0.000000","0.0","0.000000","0.0","3,421.00","14.70","6.77","6.76","7.93","7.94","0.51","250.00","12.25","200.00","17.31","322.80","1.30","200.00","0.19","7.11","7.61","0.10","0.25","-0.05","359.19","5.86","0.01","0.08","0.03","-0.00","-0.06","1.50","-0.1","1.52","1.2","0.00","-0.0","-0.13"
00:18:36,"6,665.13","-4,648.00","259.82",On,"263.20","5.8","60.000000","60.000000","103.000000","103.000000","95.000000","95.000000","0.00","0.00","7.00","7.00","0.000000","0.0","0.000000","0.0","3,429.00","14.70","6.78","6.77","7.92","7.93","0.51","250.00","13.13","200.00","18.13","321.70","1.30","200.00","0.19","7.11","7.61","0.10","0.24","-0.04","359.22","5.86","0.01","0.07","0.03","-0.00","0.03","1.53","-0.2","1.54","1.2","359.99","-0.0","-0.12"
00:18:37,"6,657.61","-4,649.24","259.91",On,"263.20","5.7","60.000000","60.000000","103.000000","103.000000","95.000000","95.000000","0.00","0.00","7.00","7.00","0.000000","0.0","0.000000","0.0","3,437.00","14.70","6.78","6.77","7.92","7.93","0.51","250.00","14.82","200.00","19.71","319.80","1.30","200.00","0.19","7.11","7.61","0.10","0.24","-0.04","359.22","5.87","0.01","0.07","0.04","-0.00","-0.02","1.54","-0.2","1.55","1.0","359.99","0.0","-0.12"
00:18:38,"6,650.10","-4,650.47","260.01",On,"263.20","6.0","60.000000","60.000000","103.000000","103.000000","95.000000","95.000000","0.00","0.00","7.00","7.00","0.000000","0.0","0.000000","0.0","3,444.00","14.70","6.75","6.73","7.95","7.97","0.51","250.00","15.40","200.00","20.25","319.20","1.30","200.00","0.19","7.11","7.62","0.10","0.24","-0.05","359.25","5.87","0.01","0.07","0.04","0.02","0.04","1.56","0.0","1.58","1.5","359.99","-0.0","-0.08"
00:18:39,"6,642.58","-4,651.69","260.10",On,"263.20","5.3","60.000000","60.000000","103.000000","103.000000","95.000000","95.000000","0.00","0.00","7.00","7.00","0.000000","0.0","0.000000","0.0","3,452.00","14.70","6.77","6.75","7.93","7.95","0.51","250.00","15.40","200.00","20.24","319.10","1.30","200.00","0.19","7.12","7.62","0.10","0.22","-0.04","359.27","5.87","0.01","0.07","0.04","-0.00","-0.04","1.58","-0.2","1.60","1.2","359.99","0.0","-0.12"
00:18:40,"6,635.06","-4,652.90","260.19",On,"262.20","4.6","60.000000","60.000000","103.000000","103.000000","95.000000","95.000000","0.00","0.00","7.00","7.00","0.000000","0.0","0.000000","0.0","3,459.00","14.70","6.77","6.76","7.93","7.94","0.51","250.00","15.40","200.00","20.24","319.10","1.30","200.00","0.19","7.12","7.62","0.10","0.21","-0.02","359.28","5.87","0.01","0.07","0.04","-0.00","0.02","1.59","-0.6","1.62","0.7","0.00","0.1","-0.10"
00:18:41,"6,627.53","-4,654.10","260.26",On,"259.20","3.8","60.000000","60.000000","103.000000","103.000000","95.000000","95.000000","0.00","0.00","5.00","5.00","0.000000","0.0","0.000000","0.0","3,467.00","14.70","6.74","6.73","7.96","7.97","0.51","250.00","15.40","200.00","20.23","319.00","1.30","200.00","0.18","7.12","7.62","0.09","0.18","-0.01","359.31","5.87","0.01","0.06","0.04","0.01","-0.00","1.58","-0.9","1.65","1.6","0.00","-0.0","-0.10"
00:18:42,"6,620.00","-4,655.29","260.32",On,"256.20","3.3","60.000000","60.000000","103.000000","103.000000","95.000000","95.000000","0.00","0.00","3.00","3.00","0.000000","0.0","0.000000","0.0","3,475.00","14.70","6.78","6.76","7.92","7.94","0.51","250.00","15.40","200.00","20.22","319.00","1.30","200.00","0.20","7.12","7.62","0.11","0.19","0.02","359.23","5.88","0.01","0.07","0.05","-0.01","-0.02","1.57","-0.9","1.64","-0.8","0.00","0.0","-0.11"
00:18:43,"6,612.46","-4,656.45","260.36",On,"248.20","2.2","60.000000","60.000000","103.000000","103.000000","95.000000","95.000000","0.00","0.00","1.00","1.00","0.000000","0.0","0.000000","0.0","3,482.00","14.70","6.74","6.73","7.96","7.97","0.51","250.00","15.40","200.00","20.21","319.00","1.30","200.00","0.21","7.12","7.62","0.12","0.17","0.07","359.14","5.87","0.01","0.07","0.06","0.02","0.02","1.54","-1.1","1.63","-1.8","0.00","0.0","-0.10"
00:18:44,"6,604.92","-4,657.60","260.38",On,"239.20","0.3","60.000000","60.000000","103.000000","103.000000","95.000000","95.000000","0.00","0.00","359.00","359.00","0.000000","0.0","0.000000","0.0","3,490.00","14.70","6.80","6.79","7.90","7.91","0.51","250.00","15.40","200.00","20.20","319.00","1.30","200.00","0.23","7.12","7.63","0.14","0.15","0.13","359.01","5.87","0.01","0.09","0.07","-0.02","-0.06","1.50","-1.9","1.59","-3.0","0.00","0.0","-0.16"
00:18:45,"6,597.38","-4,658.72","260.37",On,"230.20","-1.8","60.000000","60.000000","104.000000","103.000000","95.000000","95.000000","0.00","0.00","357.00","357.00","0.000000","0.0","0.000000","0.0","3,498.00","14.70","6.78","6.76","7.92","7.94","0.51","250.00","15.40","200.00","20.18","319.00","1.30","200.00","0.26","7.12","7.63","0.16","0.12","0.21","358.83","5.88","0.01","0.10","0.07","0.01","0.09","1.43","-2.5","1.53","-3.9","0.00","0.0","-0.10"
00:18:46,"6,589.83","-4,659.83","260.32",On,"225.20","-3.9","60.000000","60.000000","103.000000","103.000000","95.000000","95.000000","0.00","0.00","355.00","355.00","0.000000","0.0","0.000000","0.0","3,505.00","14.70","6.77","6.75","7.93","7.95","0.51","250.00","15.40","200.00","20.17","319.10","1.30","200.00","0.28","7.12","7.63","0.19","0.10","0.29","358.66","5.88","0.01","0.12","0.08","0.01","-0.04","1.32","-3.1","1.46","-4.2","0.00","0.0","-0.12"
00:18:47,"6,582.29","-4,660.91","260.24",On,"225.20","-6.2","60.000000","60.000000","103.000000","104.000000","95.000000","95.000000","0.00","0.00","353.00","353.00","0.000000","0.0","0.000000","0.0","3,513.00","14.70","6.77","6.76","7.93","7.94","0.51","250.00","15.40","200.00","20.15","319.20","1.30","200.00","0.32","7.12","7.63","0.23","0.08","0.38","358.42","5.88","0.00","0.14","0.08","0.01","0.02","1.19","-3.3","1.39","-4.5","0.00","0.0","-0.11"
00:18:48,"6,574.73","-4,661.96","260.12",On,"225.20","-8.6","60.000000","60.000000","103.000000","104.000000","95.000000","95.000000","0.00","0.00","351.00","351.00","0.000000","0.0","0.000000","0.0","3,520.00","14.70","6.76","6.75","7.94","7.95","0.51","250.00","15.40","200.00","20.14","319.40","1.30","200.00","0.36","7.12","7.62","0.27","0.06","0.49","358.12","5.88","0.00","0.17","0.09","0.01","0.01","1.03","-3.6","1.32","-3.3","0.00","-0.0","-0.12"
00:18:49,"6,567.17","-4,663.00","259.95",On,"225.20","-11.2","60.000000","60.000000","103.000000","104.000000","95.000000","95.000000","0.00","0.00","351.00","351.00","0.000000","0.0","0.000000","0.0","3,528.00","14.70","6.80","6.79","7.90","7.91","0.51","250.00","15.40","200.00","20.12","319.60","1.30","200.00","0.40","7.12","7.62","0.31","0.04","0.59","357.80","5.88","0.00","0.21","0.09","-0.01","-0.02","0.84","-4.1","1.28","-1.8","0.00","-0.0","-0.14"
00:18:50,"6,559.61","-4,664.02","259.75",On,"225.20","-13.0","60.000000","60.000000","103.000000","104.000000","95.000000","95.000000","0.00","0.00","352.00","352.00","0.000000","0.0","0.000000","0.0","3,536.00","14.70","6.76","6.75","7.94","7.95","0.51","250.00","15.40","200.00","20.11","319.80","1.30","200.00","0.43","7.11","7.62","0.35","0.03","0.68","357.51","5.87","-0.00","0.24","0.09","0.02","0.03","0.61","-3.8","1.27","1.3","0.00","-0.0","-0.11"
00:18:51,"6,552.05","-4,665.04","259.52",On,"225.20","-14.7","60.000000","60.000000","104.000000","104.000000","95.000000","95.000000","0.00","0.00","354.00","354.00","0.000000","0.0","0.000000","0.0","3,543.00","14.70","6.78","6.77","7.92","7.93","0.51","250.00","15.40","200.00","20.11","320.00","1.30","200.00","0.45","7.11","7.61","0.37","0.01","0.74","357.31","5.87","-0.00","0.27","0.07","-0.00","-0.03","0.37","-3.6","1.33","4.8","0.00","-0.0","-0.13"
00:18:52,"6,544.50","-4,666.06","259.26",On,"225.20","-16.1","60.000000","60.000000","104.000000","105.000000","95.000000","95.000000","0.00","0.00","354.00","354.00","0.000000","0.0","0.000000","0.0","3,551.00","14.70","6.77","6.75","7.93","7.95","0.51","250.00","15.40","200.00","20.11","320.20","1.30","200.00","0.49","7.11","7.61","0.40","0.01","0.81","357.07","5.87","-0.00","0.30","0.06","0.01","-0.01","0.11","-3.2","1.43","7.3","0.00","0.0","-0.13"
00:18:53,"6,536.95","-4,667.09","258.98",On,"225.20","-17.1","60.000000","60.000000","104.000000","105.000000","95.000000","95.000000","0.00","0.00","355.00","355.00","0.000000","0.0","0.000000","0.0","3,559.00","14.70","6.79","6.78","7.91","7.92","0.51","250.00","15.40","200.00","20.11","320.50","1.30","200.00","0.52","7.10","7.61","0.44","0.02","0.87","356.80","5.87","-0.01","0.33","0.04","-0.00","0.02","359.85","-2.7","1.56","9.0","0.00","0.0","-0.13"
00:18:54,"6,529.40","-4,668.11","258.69",On,"225.20","-17.6","60.000000","60.000000","104.000000","105.000000","95.000000","95.000000","0.00","0.00","355.00","355.00","0.000000","0.0","0.000000","0.0","3,566.00","14.70","6.75","6.74","7.95","7.96","0.51","250.00","15.40","200.00","20.11","320.80","1.30","200.00","0.55","7.10","7.60","0.47","0.05","0.92","356.54","5.86","-0.01","0.36","0.03","0.03","0.02","359.58","-2.1","1.72","10.1","0.00","-0.0","-0.09"
00:18:55,"6,521.85","-4,669.14","258.39",On,"225.20","-19.0","60.000000","60.000000","104.000000","105.000000","95.000000","95.000000","0.00","0.00","356.00","356.00","0.000000","0.0","0.000000","0.0","3,574.00","14.70","6.75","6.74","7.95","7.96","0.51","250.00","15.40","200.00","20.11","321.10","1.30","200.00","0.58","7.09","7.60","0.51","0.05","0.99","356.29","5.86","-0.01","0.38","0.02","0.02","0.00","359.32","-2.0","1.88","9.2","0.00","0.0","-0.09"
00:18:56,"6,514.31","-4,670.18","258.07",On,"225.20","-19.7","60.000000","60.000000","104.000000","105.000000","95.000000","95.000000","0.00","0.00","357.00","357.00","0.000000","0.0","0.000000","0.0","3,581.00","14.70","6.75","6.74","7.95","7.96","0.51","250.00","15.40","200.00","20.12","321.30","1.30","200.00","0.60","7.09","7.59","0.53","0.06","1.03","356.07","5.85","-0.01","0.41","0.01","0.01","-0.04","359.04","-2.0","2.03","9.1","0.00","-0.0","-0.10"
00:18:57,"6,506.78","-4,671.24","257.73",On,"225.20","-20.3","60.000000","60.000000","104.000000","105.000000","95.000000","95.000000","0.00","0.00","357.00","357.00","0.000000","0.0","0.000000","0.0","3,589.00","14.70","6.75","6.74","7.95","7.96","0.51","250.00","15.40","200.00","20.13","321.60","1.30","200.00","0.63","7.08","7.58","0.56","0.07","1.07","355.88","5.85","-0.01","0.43","-0.01","0.02","0.00","358.77","-1.6","2.17","8.3","0.00","-0.1","-0.10"
00:18:58,"6,499.25","-4,672.31","257.40",On,"225.20","-19.9","60.000000","60.000000","104.000000","105.000000","95.000000","95.000000","0.00","0.00","357.00","357.00","0.000000","0.0","0.000000","0.0","3,597.00","14.70","6.78","6.77","7.92","7.93","0.51","250.00","15.40","200.00","20.13","321.90","1.30","200.00","0.66","7.07","7.58","0.59","0.11","1.10","355.64","5.85","-0.01","0.46","-0.02","0.00","-0.03","358.51","-0.8","2.29","6.9","0.00","-0.0","-0.13"
00:18:59,"6,491.73","-4,673.40","257.06",On,"225.20","-20.5","60.000000","60.000000","104.000000","105.000000","95.000000","95.000000","0.00","0.00","357.00","357.00","0.000000","0.0","0.000000","0.0","3,604.00","14.70","6.76","6.75","7.94","7.95","0.51","250.00","15.40","200.00","20.14","322.20","1.30","200.00","0.68","7.07","7.57","0.62","0.12","1.14","355.41","5.84","-0.01","0.48","-0.03","0.03","0.05","358.26","-0.7","2.40","5.6","0.00","-0.0","-0.10"
00:19:00,"6,484.21","-4,674.50","256.72",On,"225.20","-21.0","60.000000","60.000000","104.000000","105.000000","95.000000","95.000000","0.00","0.00","357.00","357.00","0.000000","0.0","0.000000","0.0","3,612.00","14.70","6.78","6.77","7.92","7.93","0.51","250.00","15.40","200.00","20.15","322.50","1.30","200.00","0.70","7.06","7.57","0.64","0.14","1.18","355.21","5.84","-0.01","0.50","-0.04","0.01","-0.02","358.02","-0.9","2.49","5.3","0.00","-0.0","-0.13"
00:19:01,"6,476.70","-4,675.62","256.37",On,"225.20","-21.1","60.000000","60.000000","104.000000","105.000000","95.000000","95.000000","0.00","0.00","357.00","357.00","0.000000","0.0","0.000000","0.0","3,619.00","14.70","6.76","6.75","7.94","7.95","0.51","250.00","15.40","200.00","20.16","322.80","1.30","200.00","0.72","7.05","7.56","0.67","0.16","1.20","355.03","5.83","-0.01","0.52","-0.05","0.03","0.04","357.78","-0.6","2.57","4.5","0.00","-0.0","-0.09"
00:19:02,"6,469.21","-4,676.77","256.02",On,"225.20","-20.8","60.000000","60.000000","104.000000","106.000000","95.000000","95.000000","0.00","0.00","357.00","357.00","0.000000","0.0","0.000000","0.0","3,627.00","14.70","6.75","6.74","7.95","7.96","0.51","250.00","15.40","200.00","20.17","323.10","1.30","200.00","0.74","7.04","7.55","0.69","0.18","1.22","354.86","5.82","-0.01","0.54","-0.06","0.03","-0.02","357.55","-0.4","2.64","3.7","0.00","0.0","-0.10"
00:19:03,"6,461.72","-4,677.93","255.67",On,"225.20","-21.1","60.000000","60.000000","104.000000","106.000000","95.000000","95.000000","0.00","0.00","356.00","356.00","0.000000","0.0","0.000000","0.0","3,635.00","14.70","6.79","6.77","7.91","7.93","0.51","250.00","15.40","200.00","20.18","323.40","1.30","200.00","0.76","7.04","7.54","0.71","0.20","1.25","354.67","5.82","-0.01","0.56","-0.07","0.01","-0.04","357.33","-0.3","2.69","3.5","0.00","-0.0","-0.13"
00:19:04,"6,454.23","-4,679.12","255.31",On,"225.20","-21.5","60.000000","60.000000","104.000000","106.000000","95.000000","95.000000","0.00","0.00","357.00","357.00","0.000000","0.0","0.000000","0.0","3,642.00","14.70","6.76","6.75","7.94","7.95","0.51","250.00","15.40","200.00","20.19","323.70","1.30","200.00","0.79","7.03","7.54","0.74","0.22","1.29","354.48","5.81","-0.01","0.58","-0.08","0.04","0.02","357.12","-0.4","2.75","3.9","0.00","-0.1","-0.10"
00:19:05,"6,446.76","-4,680.33","254.95",On,"225.20","-21.8","60.000000","60.000000","104.000000","106.000000","95.000000","95.000000","0.00","0.00","357.00","357.00","0.000000","0.0","0.000000","0.0","3,650.00","14.70","6.76","6.75","7.94","7.95","0.51","250.00","15.40","200.00","20.20","324.00","1.30","200.00","0.81","7.02","7.53","0.77","0.24","1.32","354.28","5.81","-0.01","0.60","-0.08","0.03","-0.04","356.92","-0.4","2.81","3.0","0.00","0.0","-0.13"
00:19:06,"6,439.30","-4,681.55","254.59",On,"225.20","-22.1","60.000000","60.000000","104.000000","106.000000","95.000000","95.000000","0.00","0.00","357.00","357.00","0.000000","0.0","0.000000","0.0","3,657.00","14.70","6.81","6.80","7.89","7.90","0.51","250.00","15.40","200.00","20.21","324.30","1.30","200.00","0.83","7.01","7.52","0.79","0.25","1.35","354.08","5.80","-0.01","0.62","-0.09","0.01","-0.00","356.72","-0.5","2.86","3.6","0.00","0.0","-0.15"
00:19:07,"6,431.85","-4,682.81","254.22",On,"225.20","-22.4","60.000000","60.000000","104.000000","106.000000","95.000000","95.000000","0.00","0.00","357.00","357.00","0.000000","0.0","0.000000","0.0","3,665.00","14.70","6.76","6.75","7.94","7.95","0.51","250.00","15.40","200.00","20.23","324.60","1.30","200.00","0.84","7.00","7.51","0.80","0.26","1.37","353.98","5.79","-0.01","0.63","-0.10","0.05","0.05","356.52","-0.5","2.93","4.2","0.00","-0.0","-0.10"
00:19:08,"6,424.41","-4,684.10","253.84",On,"225.20","-22.8","60.000000","60.000000","104.000000","106.000000","95.000000","95.000000","0.00","0.00","357.00","357.00","0.000000","0.0","0.000000","0.0","3,672.00","14.70","6.77","6.76","7.93","7.94","0.51","250.00","15.40","200.00","20.24","324.90","1.30","200.00","0.86","6.99","7.50","0.82","0.27","1.40","353.81","5.79","-0.01","0.65","-0.11","0.03","-0.01","356.33","-0.6","2.99","3.6","0.00","0.0","-0.11"
00:19:09,"6,416.97","-4,685.41","253.46",On,"225.20","-23.1","60.000000","60.000000","104.000000","106.000000","95.000000","95.000000","0.00","0.00","357.00","357.00","0.000000","0.0","0.000000","0.0","3,680.00","14.70","6.72","6.71","7.98","7.99","0.51","250.00","15.40","200.00","20.26","325.20","1.30","200.00","0.87","6.98","7.49","0.84","0.28","1.43","353.65","5.78","-0.01","0.66","-0.11","0.06","0.04","356.15","-0.6","3.05","4.1","0.00","-0.0","-0.06"
00:19:10,"6,409.56","-4,686.75","253.07",On,"225.20","-23.3","60.000000","60.000000","104.000000","106.000000","95.000000","95.000000","0.00","0.00","357.00","357.00","0.000000","0.0","0.000000","0.0","3,687.00","14.70","6.74","6.73","7.96","7.97","0.51","250.00","15.40","200.00","20.27","325.50","1.30","200.00","0.88","6.98","7.48","0.85","0.29","1.45","353.53","5.77","-0.01","0.68","-0.12","0.04","-0.08","355.96","-0.5","3.12","3.9","0.00","-0.0","-0.11"
00:19:11,"6,402.16","-4,688.13","252.68",On,"225.20","-23.5","60.000000","60.000000","104.000000","106.000000","95.000000","95.000000","0.00","0.00","358.00","358.00","0.000000","0.0","0.000000","0.0","3,695.00","14.70","6.78","6.77","7.92","7.93","0.51","250.00","15.40","200.00","20.29","325.80","1.30","200.00","0.89","6.97","7.48","0.87","0.30","1.47","353.41","5.77","-0.01","0.69","-0.13","0.02","0.02","355.79","-0.4","3.18","3.2","0.00","-0.0","-0.11"
00:19:12,"6,394.77","-4,689.55","252.29",On,"225.20","-23.5","60.000000","60.000000","104.000000","106.000000","95.000000","95.000000","0.00","0.00","357.00","357.00","0.000000","0.0","0.000000","0.0","3,702.00","14.70","6.76","6.75","7.94","7.95","0.51","250.00","15.40","200.00","20.31","326.10","1.30","200.00","0.90","6.96","7.47","0.88","0.31","1.48","353.28","5.76","-0.01","0.70","-0.14","0.04","-0.02","355.61","-0.3","3.22","2.4","0.00","0.0","-0.13"
00:19:13,"6,387.40","-4,691.00","251.90",On,"225.20","-23.6","60.000000","60.000000","103.000000","106.000000","95.000000","95.000000","0.00","0.00","357.00","357.00","0.000000","0.0","0.000000","0.0","3,710.00","14.70","6.79","6.78","7.91","7.92","0.51","250.00","15.40","200.00","20.33","326.40","1.30","200.00","0.91","6.95","7.46","0.89","0.32","1.49","353.23","5.75","-0.01","0.71","-0.16","0.03","0.07","355.45","-0.2","3.26","2.4","0.00","-0.0","-0.10"
00:19:14,"6,380.04","-4,692.49","251.50",On,"225.20","-23.7","60.000000","60.000000","103.000000","106.000000","95.000000","95.000000","0.00","0.00","357.00","357.00","0.000000","0.0","0.000000","0.0","3,717.00","14.70","6.74","6.73","7.96","7.97","0.51","250.00","15.40","200.00","20.35","326.70","1.30","200.00","0.91","6.94","7.45","0.90","0.33","1.50","353.13","5.74","-0.01","0.72","-0.16","0.06","-0.03","355.29","-0.2","3.30","2.0","0.00","-0.0","-0.10"
00:19:15,"6,372.70","-4,694.01","251.11",On,"225.20","-24.0","60.000000","60.000000","103.000000","106.000000","95.000000","95.000000","0.00","0.00","358.00","358.00","0.000000","0.0","0.000000","0.0","3,725.00","14.70","6.75","6.74","7.95","7.96","0.51","250.00","15.40","200.00","20.37","327.00","1.30","200.00","0.92","6.93","7.44","0.91","0.33","1.52","353.03","5.74","-0.01","0.73","-0.16","0.05","0.00","355.14","-0.3","3.32","1.0","0.00","0.0","-0.09"
00:19:16,"6,365.38","-4,695.58","250.71",On,"225.20","-24.0","60.000000","60.000000","103.000000","105.000000","95.000000","95.000000","0.00","0.00","358.00","358.00","0.000000","0.0","0.000000","0.0","3,732.00","14.70","6.76","6.75","7.94","7.95","0.51","250.00","15.40","200.00","20.39","327.30","1.30","200.00","0.93","6.92","7.43","0.92","0.34","1.53","352.97","5.73","-0.01","0.74","-0.17","0.04","-0.06","354.99","-0.2","3.34","1.1","0.00","0.0","-0.10"
00:19:17,"6,358.07","-4,697.18","250.31",On,"225.20","-24.0","60.000000","60.000000","103.000000","105.000000","95.000000","95.000000","0.00","0.00","358.00","358.00","0.000000","0.0","0.000000","0.0","3,740.00","14.70","6.75","6.74","7.95","7.96","0.51","250.00","15.40","200.00","20.41","327.50","1.30","200.00","0.93","6.91","7.42","0.93","0.35","1.54","352.90","5.72","-0.01","0.75","-0.18","0.05","0.01","354.85","-0.2","3.36","0.9","0.00","-0.0","-0.08"
00:19:18,"6,350.78","-4,698.83","249.90",On,"225.20","-24.2","60.000000","60.000000","103.000000","105.000000","95.000000","95.000000","0.00","0.00","358.00","358.00","0.000000","0.0","0.000000","0.0","3,747.00","14.70","6.73","6.72","7.97","7.98","0.51","250.00","15.40","200.00","20.43","327.80","1.30","200.00","0.94","6.90","7.41","0.94","0.36","1.56","352.81","5.72","-0.01","0.75","-0.18","0.06","-0.03","354.72","-0.2","3.35","-1.9","0.00","0.1","-0.08"
00:19:19,"6,343.51","-4,700.52","249.50",On,"225.20","-24.5","60.000000","60.000000","103.000000","105.000000","95.000000","95.000000","0.00","0.00","358.00","358.00","0.000000","0.0","0.000000","0.0","3,755.00","14.70","6.76","6.75","7.94","7.95","0.51","250.00","15.40","200.00","20.45","328.10","1.30","200.00","0.94","6.89","7.40","0.94","0.35","1.56","352.77","5.71","-0.01","0.76","-0.19","0.03","-0.03","354.59","-0.3","3.36","1.4","0.00","-0.1","-0.11"
00:19:20,"6,336.26","-4,702.25","249.09",On,"225.20","-24.6","60.000000","60.000000","103.000000","105.000000","95.000000","95.000000","0.00","0.00","358.00","358.00","0.000000","0.0","0.000000","0.0","3,762.00","14.70","6.76","6.75","7.94","7.95","0.51","250.00","15.40","200.00","20.48","328.40","1.30","200.00","0.94","6.88","7.39","0.95","0.35","1.57","352.72","5.70","-0.01","0.76","-0.20","0.04","-0.01","354.46","-0.3","3.38","1.2","0.00","-0.1","-0.11"
00:19:21,"6,329.03","-4,704.02","248.68",On,"225.20","-24.7","60.000000","60.000000","103.000000","105.000000","95.000000","95.000000","0.00","0.00","358.00","358.00","0.000000","0.0","0.000000","0.0","3,770.00","14.70","6.78","6.77","7.92","7.93","0.51","250.00","15.40","200.00","20.50","328.70","1.30","200.00","0.95","6.87","7.38","0.96","0.36","1.59","352.64","5.69","-0.01","0.77","-0.20","0.03","-0.03","354.33","-0.3","3.39","-1.0","0.00","0.1","-0.13"
00:19:22,"6,321.81","-4,705.83","248.27",On,"225.20","-24.9","60.000000","60.000000","103.000000","105.000000","95.000000","95.000000","0.00","0.00","358.00","358.00","0.000000","0.0","0.000000","0.0","3,777.00","14.70","6.74","6.73","7.96","7.97","0.51","250.00","15.40","200.00","20.52","329.00","1.30","200.00","0.94","6.86","7.37","0.96","0.36","1.59","352.59","5.69","-0.01","0.77","-0.21","0.07","0.07","354.21","-0.3","3.40","1.3","0.00","-0.0","-0.07"
00:19:23,"6,314.62","-4,707.69","247.85",On,"225.20","-25.0","60.000000","60.000000","103.000000","105.000000","95.000000","95.000000","0.00","0.00","358.00","358.00","0.000000","0.0","0.000000","0.0","3,785.00","14.70","6.76","6.75","7.94","7.95","0.51","250.00","15.40","200.00","20.54","329.30","1.30","200.00","0.95","6.85","7.36","0.97","0.36","1.60","352.54","5.68","-0.01","0.78","-0.20","0.04","-0.07","354.09","-0.2","3.41","0.7","0.00","0.0","-0.12"
00:19:24,"6,307.45","-4,709.59","247.43",On,"225.20","-25.1","60.000000","60.000000","103.000000","105.000000","95.000000","95.000000","0.00","0.00","358.00","358.00","0.000000","0.0","0.000000","0.0","3,792.00","14.70","6.77","6.76","7.93","7.94","0.51","250.00","15.40","200.00","20.56","329.60","1.30","200.00","0.95","6.84","7.35","0.98","0.37","1.61","352.47","5.67","-0.01","0.78","-0.21","0.04","0.01","353.98","-0.2","3.42","-0.0","0.00","0.0","-0.10"
00:19:25,"6,300.30","-4,711.53","247.01",On,"225.20","-25.2","60.000000","60.000000","103.000000","105.000000","95.000000","95.000000","0.00","0.00","358.00","358.00","0.000000","0.0","0.000000","0.0","3,799.00","14.70","6.74","6.73","7.96","7.97","0.51","250.00","15.40","200.00","20.59","329.90","1.30","200.00","0.95","6.83","7.34","0.98","0.37","1.62","352.42","5.66","-0.01","0.79","-0.21","0.06","-0.03","353.87","-0.2","3.42","1.2","0.00","-0.0","-0.09"
00:19:26,"6,293.17","-4,713.52","246.59",On,"225.20","-25.3","60.000000","60.000000","103.000000","105.000000","95.000000","95.000000","0.00","0.00","358.00","358.00","0.000000","0.0","0.000000","0.0","3,807.00","14.70","6.77","6.76","7.93","7.94","0.51","250.00","15.40","200.00","20.61","330.20","1.30","200.00","0.95","6.82","7.33","0.98","0.37","1.63","352.38","5.66","-0.01","0.79","-0.22","0.04","-0.01","353.77","-0.2","3.44","0.8","0.00","-0.0","-0.11"
00:19:27,"6,286.06","-4,715.55","246.17",On,"225.20","-25.4","60.000000","60.000000","103.000000","105.000000","95.000000","95.000000","0.00","0.00","358.00","358.00","0.000000","0.0","0.000000","0.0","3,814.00","14.70","6.75","6.74","7.95","7.96","0.51","250.00","15.40","200.00","20.63","330.50","1.30","200.00","0.96","6.81","7.32","0.99","0.38","1.64","352.32","5.65","-0.01","0.80","-0.22","0.05","-0.03","353.66","-0.2","3.44","-0.7","0.00","0.0","-0.11"
00:19:28,"6,278.97","-4,717.63","245.75",On,"225.20","-25.4","60.000000","60.000000","103.000000","105.000000","95.000000","95.000000","0.00","0.00","359.00","359.00","0.000000","0.0","0.000000","0.0","3,822.00","14.70","6.77","6.76","7.93","7.94","0.51","250.00","15.40","200.00","20.65","330.80","1.30","200.00","0.96","6.80","7.31","0.99","0.38","1.64","352.27","5.64","-0.00","0.80","-0.22","0.04","-0.02","353.57","-0.2","3.44","1.1","0.00","-0.0","-0.11"
00:19:29,"6,271.90","-4,719.75","245.32",On,"225.20","-25.5","60.000000","60.000000","103.000000","105.000000","95.000000","95.000000","0.00","0.00","359.00","359.00","0.000000","0.0","0.000000","0.0","3,829.00","14.70","6.78","6.77","7.92","7.93","0.51","250.00","15.40","200.00","20.67","331.10","1.30","200.00","0.96","6.80","7.30","1.00","0.38","1.65","352.23","5.63","-0.00","0.81","-0.22","0.04","-0.07","353.47","-0.1","3.45","0.4","0.00","-0.0","-0.13"
00:19:30,"6,264.86","-4,721.91","244.90",On,"225.20","-25.5","60.000000","60.000000","103.000000","105.000000","95.000000","95.000000","0.00","0.00","359.00","359.00","0.000000","0.0","0.000000","0.0","3,836.00","14.70","6.75","6.74","7.95","7.96","0.51","250.00","15.40","200.00","20.70","331.40","1.30","200.00","0.96","6.79","7.29","1.00","0.39","1.65","352.18","5.63","-0.00","0.81","-0.23","0.06","0.03","353.38","-0.1","3.45","0.1","0.00","-0.0","-0.10"
00:19:31,"6,257.84","-4,724.12","244.48",On,"225.20","-25.4","60.000000","60.000000","103.000000","105.000000","95.000000","95.000000","0.00","0.00","359.00","359.00","0.000000","0.0","0.000000","0.0","3,844.00","14.70","6.76","6.75","7.94","7.95","0.51","250.00","15.40","200.00","20.72","331.70","1.30","200.00","0.96","6.78","7.28","1.01","0.39","1.65","352.13","5.62","-0.00","0.81","-0.23","0.05","0.00","353.29","-0.0","3.45","0.2","0.00","0.0","-0.09"
00:19:32,"6,250.85","-4,726.37","244.05",On,"225.20","-25.1","60.000000","60.000000","103.000000","105.000000","95.000000","95.000000","0.00","0.00","0.00","0.00","0.000000","0.0","0.000000","0.0","3,851.00","14.70","6.72","6.71","7.98","7.99","0.51","250.00","15.40","200.00","20.74","332.00","1.30","200.00","0.96","6.77","7.28","1.01","0.40","1.65","352.11","5.61","-0.00","0.81","-0.23","0.07","0.00","353.21","0.1","3.46","0.6","0.00","-0.0","-0.08"
00:19:33,"6,243.88","-4,728.67","243.64",On,"225.20","-24.8","60.000000","60.000000","103.000000","105.000000","95.000000","95.000000","0.00","0.00","0.00","0.00","0.000000","0.0","0.000000","0.0","3,858.00","14.70","6.74","6.73","7.96","7.97","0.51","250.00","15.40","200.00","20.76","332.30","1.30","200.00","0.95","6.76","7.27","1.01","0.41","1.64","352.10","5.60","-0.00","0.82","-0.23","0.05","-0.03","353.14","0.3","3.47","0.6","0.00","-0.0","-0.09"
00:19:34,"6,236.93","-4,731.01","243.23",On,"225.20","-24.5","60.000000","60.000000","103.000000","105.000000","95.000000","95.000000","0.00","0.00","1.00","1.00","0.000000","0.0","0.000000","0.0","3,866.00","14.70","6.75","6.75","7.95","7.95","0.51","250.00","15.40","200.00","20.79","332.60","1.30","200.00","0.95","6.75","7.26","1.01","0.42","1.63","352.07","5.60","-0.00","0.82","-0.24","0.04","-0.02","353.08","0.4","3.46","0.4","0.00","-0.0","-0.10"
00:19:35,"6,230.00","-4,733.41","242.82",On,"225.20","-24.1","60.000000","60.000000","103.000000","105.000000","95.000000","95.000000","0.00","0.00","1.00","1.00","0.000000","0.0","0.000000","0.0","3,873.00","14.70","6.77","6.76","7.93","7.94","0.51","250.00","15.40","200.00","20.81","332.90","1.30","200.00","0.94","6.74","7.25","1.01","0.42","1.62","352.09","5.59","-0.00","0.82","-0.24","0.04","-0.03","353.03","0.5","3.47","0.9","0.00","-0.1","-0.13"
00:19:36,"6,223.11","-4,735.84","242.43",On,"225.20","-23.7","60.000000","60.000000","103.000000","105.000000","95.000000","95.000000","0.00","0.00","1.00","1.00","0.000000","0.0","0.000000","0.0","3,880.00","14.70","6.78","6.77","7.92","7.93","0.51","250.00","15.40","200.00","20.83","333.10","1.30","200.00","0.94","6.74","7.24","1.01","0.44","1.61","352.08","5.58","-0.00","0.82","-0.24","0.04","0.00","352.98","0.6","3.48","-0.8","0.00","0.0","-0.12"
00:19:37,"6,216.23","-4,738.32","242.03",On,"225.20","-23.3","60.000000","60.000000","103.000000","105.000000","95.000000","95.000000","0.00","0.00","2.00","2.00","0.000000","0.0","0.000000","0.0","3,888.00","14.70","6.78","6.77","7.92","7.93","0.51","250.00","15.40","200.00","20.85","333.40","1.30","200.00","0.94","6.73","7.24","1.01","0.44","1.60","352.06","5.58","0.00","0.82","-0.24","0.05","0.00","352.94","0.6","3.46","-0.2","0.00","0.0","-0.11"
00:19:38,"6,209.38","-4,740.85","241.65",On,"225.20","-22.9","60.000000","60.000000","103.000000","105.000000","95.000000","95.000000","0.00","0.00","2.00","2.00","0.000000","0.0","0.000000","0.0","3,895.00","14.70","6.76","6.75","7.94","7.95","0.51","250.00","15.40","200.00","20.88","333.70","1.30","200.00","0.93","6.72","7.23","1.00","0.45","1.59","352.10","5.57","0.00","0.81","-0.24","0.06","-0.02","352.91","0.6","3.46","-0.2","0.00","-0.0","-0.10"
00:19:39,"6,202.56","-4,743.42","241.27",On,"225.20","-22.5","60.000000","60.000000","103.000000","105.000000","95.000000","95.000000","0.00","0.00","2.00","2.00","0.000000","0.0","0.000000","0.0","3,902.00","14.70","6.75","6.74","7.95","7.96","0.51","250.00","15.40","200.00","20.90","333.90","1.30","200.00","0.92","6.72","7.22","1.00","0.46","1.57","352.09","5.57","0.00","0.81","-0.24","0.06","0.01","352.89","0.7","3.46","-0.7","0.00","0.0","-0.10"
00:19:40,"6,195.76","-4,746.04","240.90",On,"225.20","-22.1","60.000000","60.000000","103.000000","105.000000","95.000000","95.000000","0.00","0.00","2.00","2.00","0.000000","0.0","0.000000","0.0","3,909.00","14.70","6.73","6.72","7.97","7.98","0.51","250.00","15.40","200.00","20.92","334.20","1.30","200.00","0.92","6.71","7.21","1.00","0.46","1.56","352.11","5.56","0.00","0.81","-0.24","0.06","-0.00","352.88","0.7","3.43","-0.6","0.00","-0.0","-0.08"
00:19:41,"6,188.98","-4,748.69","240.53",On,"225.20","-21.7","60.000000","60.000000","103.000000","105.000000","95.000000","95.000000","0.00","0.00","3.00","3.00","0.000000","0.0","0.000000","0.0","3,917.00","14.70","6.76","6.75","7.94","7.95","0.51","250.00","15.40","200.00","20.94","334.40","1.30","200.00","0.91","6.70","7.21","0.99","0.47","1.55","352.15","5.56","0.00","0.81","-0.24","0.04","-0.06","352.87","0.7","3.41","-1.1","0.00","-0.0","-0.11"
00:19:42,"6,182.23","-4,751.39","240.17",On,"225.20","-21.3","60.000000","60.000000","103.000000","104.000000","95.000000","95.000000","0.00","0.00","3.00","3.00","0.000000","0.0","0.000000","0.0","3,924.00","14.70","6.76","6.75","7.94","7.95","0.51","250.00","15.40","200.00","20.96","334.70","1.30","200.00","0.91","6.70","7.20","0.99","0.48","1.53","352.16","5.55","0.00","0.80","-0.24","0.04","-0.03","352.87","0.7","3.39","-2.7","0.00","0.1","-0.12"
00:19:43,"6,175.50","-4,754.14","239.82",On,"225.20","-20.9","60.000000","60.000000","103.000000","104.000000","95.000000","95.000000","0.00","0.00","3.00","3.00","0.000000","0.0","0.000000","0.0","3,931.00","14.70","6.78","6.77","7.92","7.93","0.51","250.00","15.40","200.00","20.98","334.90","1.30","200.00","0.89","6.69","7.19","0.98","0.48","1.51","352.18","5.55","0.01","0.80","-0.24","0.04","-0.01","352.88","0.7","3.35","-0.8","0.00","-0.0","-0.12"
00:19:44,"6,168.80","-4,756.92","239.48",On,"225.20","-20.5","60.000000","60.000000","103.000000","104.000000","95.000000","95.000000","0.00","0.00","3.00","3.00","0.000000","0.0","0.000000","0.0","3,939.00","14.70","6.76","6.75","7.94","7.95","0.51","250.00","15.40","200.00","21.01","335.10","1.30","200.00","0.89","6.69","7.19","0.98","0.48","1.50","352.24","5.54","0.01","0.79","-0.24","0.05","0.01","352.89","0.7","3.33","-1.6","0.00","-0.0","-0.10"
00:19:45,"6,162.12","-4,759.75","239.14",On,"225.20","-20.0","60.000000","60.000000","103.000000","104.000000","95.000000","95.000000","0.00","0.00","3.00","3.00","0.000000","0.0","0.000000","0.0","3,946.00","14.70","6.78","6.77","7.92","7.93","0.51","250.00","15.40","200.00","21.03","335.30","1.30","200.00","0.88","6.68","7.18","0.97","0.49","1.48","352.27","5.54","0.01","0.79","-0.24","0.04","-0.02","352.91","0.7","3.31","-1.4","0.00","-0.0","-0.12"
00:19:46,"6,155.47","-4,762.62","238.81",On,"225.20","-19.6","60.000000","60.000000","103.000000","104.000000","95.000000","95.000000","0.00","0.00","3.00","3.00","0.000000","0.0","0.000000","0.0","3,953.00","14.70","6.74","6.73","7.96","7.97","0.51","250.00","15.40","200.00","21.04","335.60","1.30","200.00","0.87","6.68","7.18","0.97","0.49","1.47","352.30","5.53","0.01","0.78","-0.24","0.06","0.04","352.93","0.7","3.27","-1.6","0.00","-0.0","-0.08"
00:19:47,"6,148.84","-4,765.53","238.49",On,"225.20","-19.2","60.000000","60.000000","103.000000","104.000000","95.000000","95.000000","0.00","0.00","4.00","4.00","0.000000","0.0","0.000000","0.0","3,960.00","14.70","6.76","6.75","7.94","7.95","0.51","250.00","15.40","200.00","21.07","335.80","1.30","200.00","0.86","6.67","7.17","0.96","0.50","1.45","352.34","5.53","0.01","0.78","-0.23","0.04","-0.07","352.96","0.7","3.23","-2.1","0.00","0.0","-0.11"
00:19:48,"6,142.23","-4,768.48","238.17",On,"225.20","-18.8","60.000000","60.000000","103.000000","104.000000","95.000000","95.000000","0.00","0.00","4.00","4.00","0.000000","0.0","0.000000","0.0","3,967.00","14.70","6.73","6.72","7.97","7.98","0.51","250.00","15.40","200.00","21.09","336.00","1.30","200.00","0.85","6.67","7.17","0.96","0.50","1.44","352.40","5.53","0.01","0.77","-0.23","0.06","0.03","353.00","0.7","3.19","-3.3","0.00","0.1","-0.08"
00:19:49,"6,135.65","-4,771.47","237.86",On,"225.20","-18.4","60.000000","60.000000","103.000000","104.000000","95.000000","95.000000","0.00","0.00","4.00","4.00","0.000000","0.0","0.000000","0.0","3,975.00","14.70","6.74","6.73","7.96","7.97","0.51","250.00","15.40","200.00","21.10","336.20","1.30","200.00","0.84","6.67","7.17","0.95","0.50","1.41","352.45","5.52","0.01","0.77","-0.23","0.04","-0.03","353.04","0.7","3.15","-1.7","0.00","-0.0","-0.08"
00:19:50,"6,129.08","-4,774.50","237.56",On,"225.20","-18.0","60.000000","60.000000","102.000000","104.000000","95.000000","95.000000","0.00","0.00","4.00","4.00","0.000000","0.0","0.000000","0.0","3,982.00","14.70","6.73","6.72","7.97","7.98","0.51","250.00","15.40","200.00","21.12","336.40","1.30","200.00","0.83","6.66","7.16","0.94","0.50","1.40","352.51","5.52","0.01","0.76","-0.23","0.05","-0.00","353.09","0.7","3.13","-1.5","0.00","-0.1","-0.06"
00:19:51,"6,122.55","-4,777.57","237.26",On,"225.20","-17.6","60.000000","60.000000","102.000000","104.000000","95.000000","95.000000","0.00","0.00","4.00","4.00","0.000000","0.0","0.000000","0.0","3,989.00","14.70","6.73","6.72","7.97","7.98","0.51","250.00","15.40","200.00","21.14","336.50","1.30","200.00","0.82","6.66","7.16","0.94","0.51","1.38","352.56","5.52","0.01","0.75","-0.22","0.04","-0.07","353.14","0.7","3.09","-3.4","0.00","0.1","-0.10"
00:19:52,"6,116.03","-4,780.67","236.97",On,"225.20","-17.2","60.000000","60.000000","102.000000","104.000000","95.000000","95.000000","0.00","0.00","4.00","4.00","0.000000","0.0","0.000000","0.0","3,996.00","14.70","6.75","6.75","7.95","7.95","0.51","250.00","15.40","200.00","21.16","336.70","1.30","200.00","0.81","6.66","7.16","0.92","0.51","1.36","352.61","5.51","0.01","0.75","-0.22","0.03","0.04","353.19","0.7","3.05","-1.5","0.00","-0.0","-0.09"
00:19:53,"6,109.54","-4,783.82","236.69",On,"225.20","-16.8","60.000000","60.000000","102.000000","104.000000","95.000000","95.000000","0.00","0.00","4.00","4.00","0.000000","0.0","0.000000","0.0","4,004.00","14.70","6.76","6.76","7.94","7.94","0.51","250.00","15.40","200.00","21.18","336.90","1.30","200.00","0.80","6.66","7.15","0.92","0.51","1.34","352.68","5.51","0.01","0.74","-0.22","0.03","-0.08","353.25","0.7","3.03","-1.5","0.00","-0.0","-0.12"
00:19:54,"6,103.07","-4,787.00","236.42",On,"225.20","-16.4","60.000000","60.000000","102.000000","104.000000","95.000000","95.000000","0.00","0.00","4.00","4.00","0.000000","0.0","0.000000","0.0","4,011.00","14.70","6.77","6.76","7.93","7.94","0.51","250.00","15.40","200.00","21.20","337.10","1.30","200.00","0.79","6.65","7.15","0.91","0.51","1.33","352.73","5.51","0.01","0.74","-0.22","0.03","-0.01","353.31","0.7","3.00","-1.7","0.00","-0.0","-0.12"
00:19:55,"6,096.62","-4,790.21","236.15",On,"225.20","-16.0","60.000000","60.000000","102.000000","104.000000","95.000000","95.000000","0.00","0.00","4.00","4.00","0.000000","0.0","0.000000","0.0","4,018.00","14.70","6.76","6.75","7.94","7.95","0.51","250.00","15.40","200.00","21.22","337.30","1.30","200.00","0.78","6.65","7.15","0.90","0.52","1.31","352.78","5.51","0.01","0.73","-0.22","0.04","0.06","353.37","0.7","2.96","-1.9","0.00","0.0","-0.09"
00:19:56,"6,090.19","-4,793.46","235.88",On,"225.20","-15.6","60.000000","60.000000","102.000000","104.000000","95.000000","95.000000","0.00","0.00","4.00","4.00","0.000000","0.0","0.000000","0.0","4,025.00","14.70","6.74","6.74","7.96","7.96","0.51","250.00","15.40","200.00","21.23","337.40","1.30","200.00","0.77","6.65","7.14","0.90","0.52","1.29","352.83","5.51","0.01","0.72","-0.21","0.04","-0.07","353.44","0.7","2.92","-2.2","0.00","0.0","-0.10"
00:19:57,"6,083.79","-4,796.74","235.63",On,"225.20","-15.3","60.000000","60.000000","102.000000","104.000000","95.000000","95.000000","0.00","0.00","5.00","5.00","0.000000","0.0","0.000000","0.0","4,032.00","14.70","6.75","6.74","7.95","7.96","0.51","250.00","15.40","200.00","21.25","337.60","1.30","200.00","0.77","6.65","7.14","0.90","0.53","1.28","352.87","5.50","0.01","0.72","-0.20","0.04","-0.00","353.51","0.7","2.87","-4.9","0.00","0.2","-0.09"
00:19:58,"6,077.40","-4,800.06","235.37",On,"225.20","-14.9","60.000000","60.000000","102.000000","104.000000","95.000000","95.000000","0.00","0.00","5.00","5.00","0.000000","0.0","0.000000","0.0","4,040.00","14.70","6.73","6.73","7.97","7.97","0.51","250.00","15.40","200.00","21.27","337.70","1.30","200.00","0.75","6.65","7.14","0.88","0.52","1.26","352.96","5.50","0.01","0.71","-0.21","0.04","0.04","353.58","0.7","2.84","-1.6","0.00","-0.1","-0.08"
00:19:59,"6,071.03","-4,803.41","235.13",On,"225.20","-14.5","60.000000","60.000000","102.000000","104.000000","95.000000","95.000000","0.00","0.00","5.00","5.00","0.000000","0.0","0.000000","0.0","4,047.00","14.70","6.78","6.77","7.92","7.93","0.51","250.00","15.40","200.00","21.28","337.90","1.30","200.00","0.74","6.65","7.14","0.87","0.52","1.24","353.02","5.50","0.01","0.71","-0.20","0.01","-0.05","353.66","0.7","2.81","-1.9","0.00","-0.0","-0.12"
00:20:00,"6,064.69","-4,806.79","234.89",On,"225.20","-14.2","60.000000","60.000000","102.000000","104.000000","95.000000","95.000000","0.00","0.00","5.00","5.00","0.000000","0.0","0.000000","0.0","4,054.00","14.70","6.76","6.75","7.94","7.95","0.51","250.00","15.40","200.00","21.30","338.10","1.30","200.00","0.73","6.65","7.14","0.87","0.52","1.23","353.05","5.50","0.01","0.70","-0.19","0.03","-0.04","353.73","0.6","2.76","-3.0","0.00","0.0","-0.12"
00:20:01,"6,058.36","-4,810.21","234.66",On,"225.20","-13.8","60.000000","60.000000","102.000000","104.000000","95.000000","95.000000","0.00","0.00","5.00","5.00","0.000000","0.0","0.000000","0.0","4,061.00","14.70","6.79","6.78","7.91","7.92","0.51","250.00","15.40","200.00","21.32","338.20","1.30","200.00","0.72","6.65","7.14","0.85","0.52","1.21","353.15","5.50","0.01","0.69","-0.20","0.02","0.03","353.81","0.6","2.73","-1.2","0.00","-0.1","-0.13"
00:20:02,"6,052.05","-4,813.65","234.43",On,"225.20","-13.5","60.000000","60.000000","102.000000","104.000000","95.000000","95.000000","0.00","0.00","5.00","5.00","0.000000","0.0","0.000000","0.0","4,068.00","14.70","6.76","6.75","7.94","7.95","0.51","250.00","15.40","200.00","21.33","338.30","1.30","200.00","0.71","6.65","7.14","0.85","0.52","1.19","353.20","5.50","0.01","0.68","-0.19","0.04","0.02","353.89","0.6","2.71","-1.8","0.00","0.0","-0.09"
00:20:03,"6,045.76","-4,817.13","234.21",On,"225.20","-13.2","60.000000","60.000000","102.000000","104.000000","95.000000","95.000000","0.00","0.00","5.00","5.00","0.000000","0.0","0.000000","0.0","4,075.00","14.70","6.75","6.74","7.95","7.96","0.51","250.00","15.40","200.00","21.35","338.50","1.30","200.00","0.70","6.65","7.14","0.84","0.52","1.18","353.24","5.50","0.01","0.68","-0.18","0.04","-0.05","353.97","0.6","2.67","-2.2","0.00","0.0","-0.10"
00:20:04,"6,039.49","-4,820.64","233.99",On,"225.20","-12.8","60.000000","60.000000","102.000000","104.000000","95.000000","95.000000","0.00","0.00","5.00","5.00","0.000000","0.0","0.000000","0.0","4,083.00","14.70","6.73","6.72","7.97","7.98","0.51","250.00","15.40","200.00","21.36","338.60","1.30","200.00","0.69","6.65","7.14","0.83","0.52","1.16","353.32","5.50","0.01","0.67","-0.19","0.05","0.08","354.06","0.6","2.64","-2.0","0.00","0.0","-0.06"
00:20:05,"6,033.24","-4,824.17","233.78",On,"225.20","-12.5","60.000000","60.000000","102.000000","104.000000","95.000000","95.000000","0.00","0.00","5.00","5.00","0.000000","0.0","0.000000","0.0","4,090.00","14.70","6.75","6.74","7.95","7.96","0.51","250.00","15.40","200.00","21.38","338.70","1.30","200.00","0.68","6.65","7.14","0.83","0.52","1.14","353.37","5.50","0.02","0.67","-0.17","0.02","-0.06","354.14","0.6","2.60","-2.2","0.00","0.0","-0.11"
00:20:06,"6,027.00","-4,827.73","233.57",On,"225.20","-12.2","60.000000","60.000000","102.000000","104.000000","95.000000","95.000000","0.00","0.00","5.00","5.00","0.000000","0.0","0.000000","0.0","4,097.00","14.70","6.77","6.76","7.93","7.94","0.51","250.00","15.40","200.00","21.39","338.90","1.30","200.00","0.68","6.65","7.13","0.82","0.53","1.13","353.40","5.50","0.02","0.66","-0.17","0.02","-0.02","354.22","0.6","2.55","-2.9","0.00","0.0","-0.12"
00:20:07,"6,020.79","-4,831.33","233.37",On,"225.20","-11.9","60.000000","60.000000","102.000000","104.000000","95.000000","95.000000","0.00","0.00","5.00","5.00","0.000000","0.0","0.000000","0.0","4,104.00","14.70","6.75","6.74","7.95","7.96","0.51","250.00","15.40","200.00","21.41","339.00","1.30","200.00","0.66","6.65","7.14","0.81","0.52","1.11","353.50","5.50","0.02","0.65","-0.17","0.04","0.02","354.31","0.6","2.53","-1.6","0.00","-0.0","-0.10"
00:20:08,"6,014.59","-4,834.95","233.17",On,"225.20","-11.6","60.000000","60.000000","102.000000","104.000000","95.000000","95.000000","0.00","0.00","5.00","5.00","0.000000","0.0","0.000000","0.0","4,111.00","14.70","6.78","6.77","7.92","7.93","0.51","250.00","15.40","200.00","21.42","339.10","1.30","200.00","0.66","6.65","7.14","0.80","0.52","1.10","353.55","5.50","0.02","0.65","-0.17","0.02","-0.01","354.40","0.6","2.50","-1.8","0.00","-0.0","-0.11"
00:20:09,"6,008.40","-4,838.59","232.98",On,"225.20","-11.3","60.000000","60.000000","102.000000","104.000000","95.000000","95.000000","0.00","0.00","5.00","5.00","0.000000","0.0","0.000000","0.0","4,119.00","14.70","6.77","6.76","7.93","7.94","0.51","250.00","15.40","200.00","21.43","339.20","1.30","200.00","0.65","6.65","7.14","0.80","0.52","1.08","353.58","5.50","0.02","0.64","-0.16","0.03","-0.03","354.48","0.5","2.45","-1.9","0.00","-0.0","-0.12"
00:20:10,"6,002.23","-4,842.27","232.80",On,"225.20","-11.0","60.000000","60.000000","102.000000","104.000000","95.000000","95.000000","0.00","0.00","5.00","5.00","0.000000","0.0","0.000000","0.0","4,126.00","14.70","6.76","6.76","7.94","7.94","0.51","250.00","15.40","200.00","21.45","339.30","1.30","200.00","0.64","6.65","7.14","0.79","0.52","1.07","353.67","5.50","0.02","0.63","-0.16","0.03","-0.00","354.57","0.5","2.43","-1.5","0.00","-0.0","-0.12"
00:20:11,"5,996.08","-4,845.97","232.61",On,"225.20","-10.7","60.000000","60.000000","102.000000","103.000000","95.000000","95.000000","0.00","0.00","5.00","5.00","0.000000","0.0","0.000000","0.0","4,133.00","14.70","6.75","6.74","7.95","7.96","0.51","250.00","15.40","200.00","21.46","339.50","1.30","200.00","0.63","6.65","7.14","0.78","0.52","1.06","353.73","5.50","0.02","0.63","-0.16","0.04","0.04","354.66","0.5","2.40","-1.7","0.00","-0.0","-0.08"
00:20:12,"5,989.94","-4,849.69","232.44",On,"225.20","-10.5","60.000000","60.000000","102.000000","103.000000","95.000000","95.000000","0.00","0.00","5.00","5.00","0.000000","0.0","0.000000","0.0","4,140.00","14.70","6.75","6.74","7.95","7.96","0.51","250.00","15.40","200.00","21.48","339.60","1.30","200.00","0.62","6.65","7.14","0.78","0.52","1.04","353.77","5.50","0.02","0.62","-0.15","0.03","-0.04","354.75","0.5","2.36","-1.7","0.00","0.1","-0.10"
00:20:13,"5,983.82","-4,853.44","232.27",On,"225.20","-10.2","60.000000","60.000000","102.000000","103.000000","95.000000","95.000000","0.00","0.00","5.00","5.00","0.000000","0.0","0.000000","0.0","4,147.00","14.70","6.74","6.73","7.96","7.97","0.51","250.00","15.40","200.00","21.49","339.70","1.30","200.00","0.61","6.65","7.14","0.77","0.52","1.03","353.83","5.50","0.02","0.62","-0.15","0.03","0.02","354.84","0.5","2.34","-1.7","0.00","-0.0","-0.07"
00:20:14,"5,977.71","-4,857.21","232.10",On,"225.20","-10.0","60.000000","60.000000","102.000000","103.000000","95.000000","95.000000","0.00","0.00","5.00","5.00","0.000000","0.0","0.000000","0.0","4,154.00","14.70","6.73","6.72","7.97","7.98","0.51","250.00","15.40","200.00","21.50","339.80","1.30","200.00","0.61","6.65","7.14","0.77","0.53","1.02","353.88","5.50","0.02","0.61","-0.15","0.03","-0.01","354.93","0.5","2.30","-2.9","0.00","0.1","-0.09"
00:20:15,"5,971.61","-4,861.01","231.93",On,"225.20","-9.7","60.000000","60.000000","102.000000","103.000000","95.000000","95.000000","0.00","0.00","5.00","5.00","0.000000","0.0","0.000000","0.0","4,162.00","14.70","6.76","6.75","7.94","7.95","0.51","250.00","15.40","200.00","21.51","339.90","1.30","200.00","0.60","6.66","7.14","0.75","0.52","1.00","353.94","5.50","0.02","0.61","-0.14","0.01","0.01","355.01","0.5","2.27","-1.3","0.00","-0.0","-0.10"
00:20:16,"5,965.53","-4,864.83","231.77",On,"225.20","-9.5","60.000000","60.000000","102.000000","103.000000","95.000000","95.000000","0.00","0.00","5.00","5.00","0.000000","0.0","0.000000","0.0","4,169.00","14.70","6.75","6.74","7.95","7.96","0.51","250.00","15.40","200.00","21.53","340.00","1.30","200.00","0.59","6.66","7.14","0.75","0.52","0.99","353.99","5.50","0.02","0.60","-0.14","0.02","-0.04","355.10","0.5","2.24","-1.6","0.00","-0.0","-0.11"
00:20:17,"5,959.46","-4,868.67","231.62",On,"225.20","-9.2","60.000000","60.000000","102.000000","103.000000","95.000000","95.000000","0.00","0.00","5.00","5.00","0.000000","0.0","0.000000","0.0","4,176.00","14.70","6.80","6.79","7.90","7.91","0.51","250.00","15.40","200.00","21.54","340.10","1.30","200.00","0.59","6.66","7.14","0.75","0.52","0.98","354.04","5.50","0.02","0.60","-0.14","0.00","-0.03","355.19","0.4","2.21","-3.2","0.00","0.1","-0.14"
00:20:18,"5,953.41","-4,872.53","231.47",On,"225.20","-9.0","60.000000","60.000000","102.000000","103.000000","95.000000","95.000000","0.00","0.00","5.00","5.00","0.000000","0.0","0.000000","0.0","4,183.00","14.70","6.77","6.77","7.93","7.93","0.51","250.00","15.40","200.00","21.55","340.20","1.30","200.00","0.57","6.66","7.14","0.74","0.52","0.96","354.09","5.50","0.02","0.59","-0.14","0.03","0.04","355.28","0.4","2.18","-1.4","0.00","-0.0","-0.11"
00:20:19,"5,947.37","-4,876.42","231.32",On,"225.20","-8.7","60.000000","60.000000","102.000000","103.000000","95.000000","95.000000","0.00","0.00","5.00","5.00","0.000000","0.0","0.000000","0.0","4,190.00","14.70","6.78","6.77","7.92","7.93","0.51","250.00","15.40","200.00","21.56","340.30","1.30","200.00","0.57","6.66","7.15","0.73","0.52","0.95","354.15","5.51","0.02","0.58","-0.13","0.02","-0.04","355.36","0.4","2.15","-1.4","0.00","-0.0","-0.13"
00:20:20,"5,941.34","-4,880.33","231.18",On,"225.20","-8.5","60.000000","60.000000","102.000000","103.000000","95.000000","95.000000","0.00","0.00","5.00","5.00","0.000000","0.0","0.000000","0.0","4,197.00","14.70","6.78","6.77","7.92","7.93","0.51","250.00","15.40","200.00","21.57","340.30","1.30","200.00","0.56","6.67","7.15","0.73","0.52","0.94","354.19","5.51","0.02","0.58","-0.13","0.02","0.05","355.45","0.4","2.13","-1.8","0.00","0.0","-0.10"
00:20:21,"5,935.32","-4,884.25","231.04",On,"225.20","-8.3","60.000000","60.000000","102.000000","103.000000","95.000000","95.000000","0.00","0.00","5.00","5.00","0.000000","0.0","0.000000","0.0","4,205.00","14.70","6.75","6.74","7.95","7.96","0.51","250.00","15.40","200.00","21.59","340.40","1.30","200.00","0.55","6.67","7.15","0.72","0.52","0.93","354.26","5.51","0.02","0.57","-0.13","0.03","-0.02","355.53","0.4","2.10","-1.1","0.00","-0.0","-0.10"
00:20:22,"5,929.31","-4,888.20","230.90",On,"225.20","-8.1","60.000000","60.000000","102.000000","103.000000","95.000000","95.000000","0.00","0.00","5.00","5.00","0.000000","0.0","0.000000","0.0","4,212.00","14.70","6.75","6.74","7.95","7.96","0.51","250.00","15.40","200.00","21.60","340.50","1.30","200.00","0.54","6.67","7.15","0.71","0.52","0.92","354.30","5.51","0.02","0.57","-0.12","0.03","0.01","355.62","0.4","2.09","-1.2","0.00","0.0","-0.10"
00:20:23,"5,923.32","-4,892.17","230.77",On,"225.20","-7.9","60.000000","60.000000","102.000000","103.000000","95.000000","95.000000","0.00","0.00","5.00","5.00","0.000000","0.0","0.000000","0.0","4,219.00","14.70","6.76","6.75","7.94","7.95","0.51","250.00","15.40","200.00","21.61","340.60","1.30","200.00","0.54","6.67","7.15","0.71","0.52","0.91","354.33","5.51","0.02","0.56","-0.12","0.02","-0.01","355.70","0.4","2.06","-1.3","0.00","0.0","-0.12"
00:20:24,"5,917.34","-4,896.16","230.64",On,"225.20","-7.6","60.000000","60.000000","102.000000","103.000000","95.000000","95.000000","0.00","0.00","5.00","5.00","0.000000","0.0","0.000000","0.0","4,226.00","14.70","6.78","6.78","7.92","7.92","0.51","250.00","15.40","200.00","21.62","340.70","1.30","200.00","0.53","6.67","7.16","0.70","0.51","0.89","354.40","5.51","0.02","0.56","-0.12","0.01","-0.00","355.79","0.4","2.04","-0.7","0.00","-0.0","-0.12"
00:20:25,"5,911.37","-4,900.17","230.51",On,"225.20","-7.4","60.000000","60.000000","102.000000","103.000000","95.000000","95.000000","0.00","0.00","5.00","5.00","0.000000","0.0","0.000000","0.0","4,233.00","14.70","6.76","6.75","7.94","7.95","0.51","250.00","15.40","200.00","21.63","340.70","1.30","200.00","0.52","6.68","7.16","0.69","0.51","0.88","354.45","5.51","0.02","0.55","-0.11","0.03","-0.04","355.87","0.4","2.03","-1.1","0.00","-0.0","-0.12"
00:20:26,"5,905.41","-4,904.19","230.39",On,"225.20","-7.2","60.000000","60.000000","102.000000","103.000000","95.000000","95.000000","0.00","0.00","5.00","5.00","0.000000","0.0","0.000000","0.0","4,241.00","14.70","6.78","6.77","7.92","7.93","0.51","250.00","15.40","200.00","21.64","340.80","1.30","200.00","0.52","6.68","7.16","0.69","0.51","0.87","354.47","5.52","0.02","0.55","-0.11","0.02","-0.00","355.95","0.4","2.00","-1.1","0.00","-0.0","-0.12"
00:20:27,"5,899.46","-4,908.23","230.27",On,"225.20","-7.0","60.000000","60.000000","102.000000","103.000000","95.000000","95.000000","0.00","0.00","5.00","5.00","0.000000","0.0","0.000000","0.0","4,248.00","14.70","6.75","6.74","7.95","7.96","0.51","250.00","15.40","200.00","21.65","340.90","1.30","200.00","0.51","6.68","7.16","0.68","0.51","0.86","354.55","5.52","0.02","0.54","-0.11","0.03","0.04","356.03","0.4","1.99","-0.9","0.00","-0.0","-0.09"
00:20:28,"5,893.52","-4,912.30","230.15",On,"225.20","-6.9","60.000000","60.000000","102.000000","103.000000","95.000000","95.000000","0.00","0.00","5.00","5.00","0.000000","0.0","0.000000","0.0","4,255.00","14.70","6.77","6.76","7.93","7.94","0.51","250.00","15.40","200.00","21.66","341.00","1.30","200.00","0.50","6.68","7.16","0.68","0.51","0.85","354.58","5.52","0.02","0.54","-0.11","0.01","-0.07","356.12","0.4","1.97","-1.0","0.00","-0.0","-0.12"
00:20:29,"5,887.59","-4,916.37","230.04",On,"225.20","-6.7","60.000000","60.000000","102.000000","103.000000","95.000000","95.000000","0.00","0.00","5.00","5.00","0.000000","0.0","0.000000","0.0","4,262.00","14.70","6.75","6.74","7.95","7.96","0.51","250.00","15.40","200.00","21.67","341.00","1.30","200.00","0.50","6.69","7.17","0.67","0.51","0.84","354.62","5.52","0.02","0.54","-0.11","0.03","0.04","356.20","0.3","1.94","-1.0","0.00","-0.0","-0.08"
00:20:30,"5,881.67","-4,920.47","229.93",On,"225.20","-6.5","60.000000","60.000000","102.000000","103.000000","95.000000","95.000000","0.00","0.00","5.00","5.00","0.000000","0.0","0.000000","0.0","4,269.00","14.70","6.73","6.72","7.97","7.98","0.51","250.00","15.40","200.00","21.68","341.10","1.30","200.00","0.49","6.69","7.17","0.67","0.51","0.83","354.67","5.52","0.02","0.53","-0.10","0.03","-0.02","356.27","0.3","1.92","-1.1","0.00","-0.0","-0.08"
00:20:31,"5,875.76","-4,924.58","229.83",On,"225.20","-6.3","60.000000","60.000000","102.000000","103.000000","95.000000","95.000000","0.00","0.00","5.00","5.00","0.000000","0.0","0.000000","0.0","4,277.00","14.70","6.76","6.76","7.94","7.94","0.51","250.00","15.40","200.00","21.69","341.20","1.30","200.00","0.49","6.69","7.17","0.66","0.51","0.82","354.71","5.52","0.02","0.53","-0.10","0.00","-0.01","356.35","0.3","1.90","-1.3","0.00","-0.0","-0.10"
00:20:32,"5,869.86","-4,928.71","229.72",On,"225.20","-6.2","60.000000","60.000000","102.000000","103.000000","95.000000","95.000000","0.00","0.00","5.00","5.00","0.000000","0.0","0.000000","0.0","4,284.00","14.70","6.72","6.71","7.98","7.99","0.51","250.00","15.40","200.00","21.70","341.20","1.30","200.00","0.48","6.70","7.17","0.66","0.51","0.81","354.75","5.53","0.02","0.52","-0.10","0.03","-0.01","356.43","0.3","1.88","-0.7","0.00","-0.0","-0.07"
00:20:33,"5,863.97","-4,932.86","229.62",On,"225.20","-6.0","60.000000","60.000000","102.000000","103.000000","95.000000","95.000000","0.00","0.00","4.00","4.00","0.000000","0.0","0.000000","0.0","4,291.00","14.70","6.74","6.74","7.96","7.96","0.51","250.00","15.40","200.00","21.71","341.30","1.30","200.00","0.47","6.70","7.18","0.65","0.51","0.80","354.80","5.53","0.02","0.52","-0.10","0.01","-0.01","356.50","0.3","1.86","-1.0","0.00","-0.0","-0.09"
00:20:34,"5,858.08","-4,937.02","229.52",On,"225.20","-6.1","60.000000","60.000000","102.000000","103.000000","95.000000","95.000000","0.00","0.00","3.00","3.00","0.000000","0.0","0.000000","0.0","4,298.00","14.70","6.74","6.73","7.96","7.97","0.51","250.00","15.40","200.00","21.71","341.30","1.30","200.00","0.47","6.70","7.18","0.65","0.51","0.81","354.83","5.53","0.02","0.51","-0.09","0.02","0.04","356.58","0.3","1.83","-2.7","0.00","0.1","-0.08"
00:20:35,"5,852.20","-4,941.19","229.41",On,"225.20","-6.7","60.000000","60.000000","102.000000","103.000000","95.000000","95.000000","0.00","0.00","1.00","1.00","0.000000","0.0","0.000000","0.0","4,305.00","14.70","6.76","6.75","7.94","7.95","0.51","250.00","15.40","200.00","21.72","341.40","1.30","200.00","0.47","6.70","7.18","0.65","0.49","0.82","354.83","5.53","0.02","0.51","-0.09","0.00","-0.05","356.65","-0.2","1.80","-1.9","0.00","-0.0","-0.12"
00:20:36,"5,846.32","-4,945.37","229.29",On,"225.20","-7.8","60.000000","60.000000","102.000000","103.000000","95.000000","95.000000","0.00","0.00","359.00","359.00","0.000000","0.0","0.000000","0.0","4,313.00","14.70","6.76","6.75","7.94","7.95","0.51","250.00","15.40","200.00","21.73","341.50","1.30","200.00","0.48","6.71","7.18","0.66","0.47","0.85","354.80","5.53","0.02","0.51","-0.08","0.02","0.02","356.70","-0.7","1.76","-3.2","0.00","-0.0","-0.11"
00:20:37,"5,840.45","-4,949.56","229.15",On,"225.20","-9.1","60.000000","60.000000","102.000000","103.000000","95.000000","95.000000","0.00","0.00","358.00","358.00","0.000000","0.0","0.000000","0.0","4,320.00","14.70","6.77","6.76","7.93","7.94","0.51","250.00","15.40","200.00","21.73","341.60","1.30","200.00","0.49","6.71","7.19","0.67","0.45","0.90","354.69","5.54","0.02","0.52","-0.07","0.01","0.01","356.73","-1.3","1.69","-5.0","0.00","0.1","-0.12"
00:20:38,"5,834.58","-4,953.76","228.99",On,"225.20","-10.2","60.000000","60.000000","102.000000","103.000000","95.000000","95.000000","0.00","0.00","358.00","358.00","0.000000","0.0","0.000000","0.0","4,327.00","14.70","6.77","6.76","7.93","7.94","0.51","250.00","15.40","200.00","21.74","341.70","1.30","200.00","0.49","6.71","7.19","0.67","0.43","0.93","354.67","5.54","0.02","0.53","-0.07","0.01","0.03","356.75","-1.6","1.63","-2.7","0.00","-0.1","-0.09"
00:20:39,"5,828.72","-4,957.98","228.82",On,"225.20","-10.8","60.000000","60.000000","103.000000","103.000000","95.000000","95.000000","0.00","0.00","358.00","358.00","0.000000","0.0","0.000000","0.0","4,334.00","14.70","6.74","6.73","7.96","7.97","0.51","250.00","15.40","200.00","21.75","341.90","1.30","200.00","0.49","6.71","7.19","0.68","0.42","0.95","354.62","5.54","0.02","0.53","-0.07","0.03","-0.05","356.74","-1.5","1.58","-2.3","0.00","-0.0","-0.10"
00:20:40,"5,822.87","-4,962.20","228.63",On,"225.20","-11.4","60.000000","60.000000","103.000000","103.000000","95.000000","95.000000","0.00","0.00","359.00","359.00","0.000000","0.0","0.000000","0.0","4,341.00","14.70","6.75","6.75","7.95","7.95","0.51","250.00","15.40","200.00","21.76","342.00","1.30","200.00","0.50","6.71","7.19","0.68","0.41","0.97","354.57","5.54","0.02","0.54","-0.07","0.01","0.01","356.73","-1.4","1.54","-1.4","0.00","0.0","-0.09"
00:20:41,"5,817.03","-4,966.45","228.44",On,"225.20","-11.7","60.000000","60.000000","103.000000","103.000000","95.000000","95.000000","0.00","0.00","359.00","359.00","0.000000","0.0","0.000000","0.0","4,349.00","14.70","6.72","6.71","7.98","7.99","0.51","250.00","15.40","200.00","21.77","342.20","1.30","200.00","0.50","6.71","7.19","0.69","0.40","0.98","354.56","5.54","0.02","0.54","-0.08","0.03","0.03","356.70","-1.1","1.54","0.3","0.00","-0.0","-0.07"
00:20:42,"5,811.20","-4,970.71","228.24",On,"225.20","-11.9","60.000000","60.000000","103.000000","103.000000","95.000000","95.000000","0.00","0.00","359.00","359.00","0.000000","0.0","0.000000","0.0","4,356.00","14.70","6.77","6.76","7.93","7.94","0.51","250.00","15.40","200.00","21.77","342.30","1.30","200.00","0.51","6.71","7.19","0.69","0.41","1.00","354.51","5.54","0.02","0.55","-0.08","-0.01","-0.09","356.68","-0.8","1.55","0.6","0.00","0.1","-0.12"
00:20:43,"5,805.38","-4,974.99","228.05",On,"225.20","-12.0","60.000000","60.000000","103.000000","103.000000","95.000000","95.000000","0.00","0.00","0.00","0.00","0.000000","0.0","0.000000","0.0","4,363.00","14.70","6.75","6.75","7.95","7.95","0.51","250.00","15.40","200.00","21.78","342.50","1.30","200.00","0.51","6.72","7.19","0.70","0.41","1.00","354.45","5.54","0.02","0.55","-0.08","0.02","0.02","356.65","-0.6","1.57","1.9","0.00","-0.0","-0.10"
00:20:44,"5,799.57","-4,979.29","227.85",On,"225.20","-12.0","60.000000","60.000000","103.000000","103.000000","95.000000","95.000000","0.00","0.00","0.00","0.00","0.000000","0.0","0.000000","0.0","4,370.00","14.70","6.76","6.75","7.94","7.95","0.51","250.00","15.40","200.00","21.79","342.60","1.30","200.00","0.51","6.72","7.19","0.70","0.41","1.01","354.44","5.54","0.02","0.56","-0.08","0.01","-0.02","356.62","-0.4","1.60","2.4","0.00","-0.0","-0.11"
00:20:45,"5,793.78","-4,983.60","227.65",On,"225.20","-12.0","60.000000","60.000000","103.000000","103.000000","95.000000","95.000000","0.00","0.00","0.00","0.00","0.000000","0.0","0.000000","0.0","4,377.00","14.70","6.77","6.76","7.93","7.94","0.51","250.00","15.40","200.00","21.80","342.80","1.30","200.00","0.52","6.72","7.19","0.71","0.42","1.02","354.39","5.54","0.01","0.56","-0.09","0.01","0.05","356.59","-0.2","1.64","1.7","0.00","0.0","-0.09"
00:20:46,"5,787.99","-4,987.92","227.44",On,"225.20","-12.0","60.000000","60.000000","103.000000","103.000000","95.000000","95.000000","0.00","0.00","0.00","0.00","0.000000","0.0","0.000000","0.0","4,385.00","14.70","6.74","6.73","7.96","7.97","0.51","250.00","15.40","200.00","21.81","342.90","1.30","200.00","0.52","6.72","7.19","0.71","0.42","1.02","354.34","5.54","0.01","0.56","-0.09","0.03","-0.02","356.56","-0.1","1.67","2.4","0.00","-0.0","-0.09"
00:20:47,"5,782.22","-4,992.27","227.25",On,"225.20","-11.9","60.000000","60.000000","103.000000","103.000000","95.000000","95.000000","0.00","0.00","1.00","1.00","0.000000","0.0","0.000000","0.0","4,392.00","14.70","6.74","6.73","7.96","7.97","0.51","250.00","15.40","200.00","21.82","343.10","1.30","200.00","0.52","6.72","7.19","0.72","0.43","1.02","354.30","5.54","0.01","0.57","-0.09","0.02","0.01","356.54","-0.0","1.71","2.2","0.00","-0.0","-0.08"
00:20:48,"5,776.46","-4,996.63","227.05",On,"225.20","-11.9","60.000000","60.000000","103.000000","104.000000","95.000000","95.000000","0.00","0.00","1.00","1.00","0.000000","0.0","0.000000","0.0","4,399.00","14.70","6.74","6.73","7.96","7.97","0.51","250.00","15.40","200.00","21.82","343.20","1.30","200.00","0.53","6.72","7.19","0.73","0.44","1.03","354.26","5.54","0.01","0.57","-0.09","0.02","0.01","356.52","0.0","1.74","0.7","0.00","0.1","-0.08"
00:20:49,"5,770.71","-5,001.00","226.85",On,"225.20","-11.8","60.000000","60.000000","103.000000","104.000000","95.000000","95.000000","0.00","0.00","1.00","1.00","0.000000","0.0","0.000000","0.0","4,406.00","14.70","6.76","6.75","7.94","7.95","0.51","250.00","15.40","200.00","21.83","343.40","1.30","200.00","0.53","6.72","7.19","0.73","0.44","1.03","354.23","5.54","0.01","0.58","-0.09","0.01","-0.04","356.50","0.1","1.76","1.4","0.00","-0.0","-0.09"
00:20:50,"5,764.97","-5,005.40","226.66",On,"225.20","-11.7","60.000000","60.000000","103.000000","104.000000","95.000000","95.000000","0.00","0.00","1.00","1.00","0.000000","0.0","0.000000","0.0","4,414.00","14.70","6.73","6.72","7.97","7.98","0.51","250.00","15.40","200.00","21.84","343.50","1.30","200.00","0.53","6.72","7.19","0.73","0.45","1.03","354.19","5.54","0.01","0.58","-0.09","0.03","-0.03","356.48","0.1","1.78","0.9","0.00","0.0","-0.09"
00:20:51,"5,759.24","-5,009.81","226.46",On,"224.20","-11.6","60.000000","60.000000","103.000000","104.000000","95.000000","95.000000","0.00","0.00","2.00","2.00","0.000000","0.0","0.000000","0.0","4,421.00","14.70","6.76","6.75","7.94","7.95","0.51","250.00","15.40","200.00","21.85","343.70","1.30","200.00","0.53","6.72","7.19","0.74","0.46","1.03","354.15","5.54","0.01","0.58","-0.09","0.01","-0.03","356.46","0.1","1.78","0.2","0.00","0.0","-0.10"
00:20:52,"5,753.53","-5,014.24","226.27",On,"221.20","-11.4","60.000000","60.000000","103.000000","104.000000","95.000000","95.000000","0.00","0.00","2.00","2.00","0.000000","0.0","0.000000","0.0","4,428.00","14.70","6.73","6.72","7.97","7.98","0.51","250.00","15.40","200.00","21.86","343.80","1.30","200.00","0.53","6.72","7.19","0.74","0.46","1.03","354.15","5.54","0.01","0.58","-0.10","0.03","0.05","356.45","0.2","1.79","0.7","0.00","-0.0","-0.07"
00:20:53,"5,747.84","-5,018.68","226.08",On,"220.20","-11.0","60.000000","60.000000","103.000000","104.000000","95.000000","95.000000","0.00","0.00","3.00","3.00","0.000000","0.0","0.000000","0.0","4,435.00","14.70","6.74","6.73","7.96","7.97","0.51","250.00","15.40","200.00","21.87","343.90","1.30","200.00","0.53","6.72","7.19","0.74","0.47","1.02","354.15","5.54","0.01","0.59","-0.10","0.02","-0.06","356.44","0.3","1.81","0.7","0.00","-0.0","-0.09"
00:20:54,"5,742.16","-5,023.15","225.91",On,"220.20","-10.2","60.000000","60.000000","103.000000","104.000000","95.000000","95.000000","0.00","0.00","5.00","5.00","0.000000","0.0","0.000000","0.0","4,442.00","14.70","6.74","6.73","7.96","7.97","0.51","250.00","15.40","200.00","21.87","344.10","1.30","200.00","0.52","6.72","7.19","0.73","0.48","0.99","354.16","5.54","0.01","0.59","-0.10","0.02","0.02","356.44","0.6","1.82","1.4","0.00","-0.0","-0.08"
00:20:55,"5,736.50","-5,027.64","225.75",On,"220.20","-8.9","60.000000","60.000000","103.000000","104.000000","95.000000","95.000000","0.00","0.00","7.00","7.00","0.000000","0.0","0.000000","0.0","4,450.00","14.70","6.72","6.72","7.98","7.98","0.51","250.00","15.40","200.00","21.89","344.10","1.30","200.00","0.51","6.72","7.19","0.72","0.50","0.94","354.25","5.54","0.01","0.58","-0.11","0.03","-0.03","356.45","1.1","1.85","2.5","0.00","-0.0","-0.09"
00:20:56,"5,730.86","-5,032.15","225.61",On,"220.20","-7.5","60.000000","60.000000","103.000000","103.000000","95.000000","95.000000","0.00","0.00","6.00","6.00","0.000000","0.0","0.000000","0.0","4,457.00","14.70","6.76","6.75","7.94","7.95","0.51","250.00","15.40","200.00","21.90","344.20","1.30","200.00","0.49","6.72","7.19","0.71","0.52","0.90","354.33","5.54","0.01","0.57","-0.12","0.01","-0.01","356.48","1.6","1.90","3.2","0.00","-0.1","-0.10"
00:20:57,"5,725.22","-5,036.68","225.48",On,"220.20","-7.3","60.000000","60.000000","103.000000","103.000000","95.000000","95.000000","0.00","0.00","5.00","5.00","0.000000","0.0","0.000000","0.0","4,464.00","14.70","6.74","6.73","7.96","7.97","0.51","250.00","15.40","200.00","21.90","344.30","1.30","200.00","0.49","6.73","7.19","0.70","0.53","0.89","354.38","5.54","0.01","0.57","-0.11","0.02","-0.00","356.53","1.4","1.92","1.4","0.00","0.0","-0.09"
00:20:58,"5,719.61","-5,041.23","225.36",On,"220.20","-6.9","60.000000","60.000000","103.000000","103.000000","95.000000","95.000000","0.00","0.00","5.00","5.00","0.000000","0.0","0.000000","0.0","4,471.00","14.70","6.75","6.74","7.95","7.96","0.51","250.00","15.40","200.00","21.91","344.40","1.30","200.00","0.49","6.73","7.19","0.70","0.54","0.88","354.41","5.54","0.01","0.56","-0.11","0.01","-0.04","356.58","1.2","1.92","-0.2","0.00","-0.0","-0.10"
00:20:59,"5,714.00","-5,045.79","225.25",On,"220.20","-6.6","60.000000","60.000000","103.000000","103.000000","95.000000","95.000000","0.00","0.00","5.00","5.00","0.000000","0.0","0.000000","0.0","4,479.00","14.70","6.75","6.74","7.95","7.96","0.51","250.00","15.40","200.00","21.92","344.40","1.30","200.00","0.49","6.73","7.19","0.70","0.54","0.87","354.44","5.54","0.01","0.55","-0.10","0.02","-0.02","356.64","0.9","1.91","-2.0","0.00","0.1","-0.11"
00:21:00,"5,708.41","-5,050.37","225.14",On,"220.20","-6.4","60.000000","60.000000","103.000000","103.000000","95.000000","95.000000","0.00","0.00","5.00","5.00","0.000000","0.0","0.000000","0.0","4,486.00","14.70","6.77","6.76","7.93","7.94","0.51","250.00","15.40","200.00","21.93","344.50","1.30","200.00","0.48","6.73","7.19","0.69","0.54","0.85","354.49","5.54","0.01","0.55","-0.10","0.01","0.02","356.70","0.7","1.88","-1.8","0.00","-0.0","-0.11"
00:21:01,"5,702.83","-5,054.96","225.04",On,"220.20","-6.2","60.000000","60.000000","103.000000","103.000000","95.000000","95.000000","0.00","0.00","5.00","5.00","0.000000","0.0","0.000000","0.0","4,493.00","14.70","6.75","6.74","7.95","7.96","0.51","250.00","15.40","200.00","21.93","344.60","1.30","200.00","0.47","6.73","7.20","0.69","0.54","0.84","354.54","5.54","0.01","0.54","-0.10","0.03","0.01","356.75","0.6","1.85","-2.2","0.00","-0.1","-0.09"
00:21:02,"5,697.26","-5,059.56","224.93",On,"220.20","-6.0","60.000000","60.000000","103.000000","103.000000","95.000000","95.000000","0.00","0.00","5.00","5.00","0.000000","0.0","0.000000","0.0","4,500.00","14.70","6.76","6.75","7.94","7.95","0.51","250.00","15.40","200.00","21.94","344.60","1.30","200.00","0.46","6.74","7.20","0.68","0.53","0.83","354.58","5.54","0.01","0.54","-0.10","0.02","-0.02","356.81","0.5","1.80","-3.1","0.00","0.1","-0.10"
00:21:03,"5,691.70","-5,064.19","224.83",On,"220.20","-6.0","60.000000","60.000000","103.000000","103.000000","95.000000","95.000000","0.00","0.00","4.00","4.00","0.000000","0.0","0.000000","0.0","4,507.00","14.70","6.73","6.72","7.97","7.98","0.51","250.00","15.40","200.00","21.95","344.70","1.30","200.00","0.46","6.74","7.20","0.67","0.53","0.82","354.65","5.55","0.01","0.54","-0.10","0.03","0.05","356.87","0.4","1.76","-2.3","0.00","-0.0","-0.07"
00:21:04,"5,686.15","-5,068.83","224.73",On,"220.20","-6.4","60.000000","60.000000","103.000000","103.000000","95.000000","95.000000","0.00","0.00","1.00","1.00","0.000000","0.0","0.000000","0.0","4,515.00","14.70","6.75","6.74","7.95","7.96","0.51","250.00","15.40","200.00","21.96","344.70","1.30","200.00","0.45","6.74","7.20","0.67","0.52","0.83","354.68","5.55","0.01","0.53","-0.09","0.01","-0.03","356.93","0.1","1.72","-2.9","0.00","-0.0","-0.11"
00:21:05,"5,680.61","-5,073.47","224.62",On,"220.20","-7.3","60.000000","60.000000","103.000000","103.000000","95.000000","95.000000","0.00","0.00","359.00","359.00","0.000000","0.0","0.000000","0.0","4,522.00","14.70","6.77","6.76","7.93","7.94","0.51","250.00","15.40","200.00","21.96","344.80","1.30","200.00","0.46","6.74","7.20","0.68","0.50","0.86","354.62","5.55","0.01","0.53","-0.08","0.00","0.03","356.97","-0.5","1.65","-4.4","0.00","0.1","-0.10"
00:21:06,"5,675.07","-5,078.13","224.49",On,"220.20","-8.6","60.000000","60.000000","103.000000","103.000000","95.000000","95.000000","0.00","0.00","357.00","357.00","0.000000","0.0","0.000000","0.0","4,529.00","14.70","6.74","6.74","7.96","7.96","0.51","250.00","15.40","200.00","21.97","344.90","1.30","200.00","0.46","6.74","7.20","0.68","0.47","0.90","354.62","5.55","0.01","0.53","-0.08","0.02","-0.04","357.00","-1.1","1.58","-4.6","0.00","-0.0","-0.11"
00:21:07,"5,669.54","-5,082.80","224.33",On,"220.20","-9.9","60.000000","60.000000","103.000000","103.000000","95.000000","95.000000","0.00","0.00","358.00","358.00","0.000000","0.0","0.000000","0.0","4,536.00","14.70","6.78","6.77","7.92","7.93","0.51","250.00","15.40","200.00","21.97","345.00","1.30","200.00","0.47","6.75","7.20","0.69","0.45","0.94","354.56","5.55","0.01","0.54","-0.08","0.00","0.03","357.01","-1.6","1.50","-5.0","0.00","0.0","-0.12"
00:21:08,"5,664.02","-5,087.48","224.16",On,"220.20","-10.7","60.000000","60.000000","103.000000","103.000000","95.000000","95.000000","0.00","0.00","358.00","358.00","0.000000","0.0","0.000000","0.0","4,544.00","14.70","6.74","6.73","7.96","7.97","0.51","250.00","15.40","200.00","21.98","345.20","1.30","200.00","0.47","6.75","7.20","0.69","0.43","0.96","354.51","5.55","0.01","0.54","-0.08","0.03","0.07","356.99","-1.6","1.43","-3.3","0.00","-0.0","-0.08"
00:21:09,"5,658.51","-5,092.17","223.98",On,"220.20","-11.3","60.000000","60.000000","103.000000","103.000000","95.000000","95.000000","0.00","0.00","358.00","358.00","0.000000","0.0","0.000000","0.0","4,551.00","14.70","6.75","6.74","7.95","7.96","0.51","250.00","15.40","200.00","21.99","345.30","1.30","200.00","0.47","6.75","7.20","0.70","0.42","0.98","354.49","5.55","0.01","0.55","-0.08","0.01","-0.02","356.97","-1.5","1.39","-1.9","0.00","-0.0","-0.10"
00:21:10,"5,653.01","-5,096.88","223.79",On,"220.20","-11.7","60.000000","60.000000","103.000000","103.000000","95.000000","95.000000","0.00","0.00","359.00","359.00","0.000000","0.0","0.000000","0.0","4,558.00","14.70","6.74","6.74","7.96","7.96","0.51","250.00","15.40","200.00","21.99","345.40","1.30","200.00","0.48","6.75","7.21","0.70","0.42","1.00","354.46","5.55","0.01","0.55","-0.08","0.02","-0.03","356.93","-1.2","1.37","-1.8","0.00","0.1","-0.09"
00:21:11,"5,647.52","-5,101.60","223.59",On,"220.20","-12.0","60.000000","60.000000","103.000000","103.000000","95.000000","95.000000","0.00","0.00","359.00","359.00","0.000000","0.0","0.000000","0.0","4,565.00","14.70","6.74","6.73","7.96","7.97","0.51","250.00","15.40","200.00","22.00","345.60","1.30","200.00","0.47","6.75","7.20","0.70","0.41","1.01","354.43","5.55","0.01","0.56","-0.08","0.02","0.00","356.90","-0.9","1.36","1.4","0.00","-0.1","-0.09"
00:21:12,"5,642.05","-5,106.34","223.39",On,"220.20","-12.1","60.000000","60.000000","103.000000","104.000000","95.000000","95.000000","0.00","0.00","359.00","359.00","0.000000","0.0","0.000000","0.0","4,573.00","14.70","6.74","6.74","7.96","7.96","0.51","250.00","15.40","200.00","22.01","345.70","1.30","200.00","0.48","6.75","7.20","0.71","0.42","1.01","354.41","5.55","0.01","0.56","-0.09","0.02","0.03","356.86","-0.7","1.39","1.9","0.00","0.0","-0.08"
00:21:13,"5,636.60","-5,111.10","223.19",On,"220.20","-12.1","60.000000","60.000000","103.000000","104.000000","95.000000","95.000000","0.00","0.00","0.00","0.00","0.000000","0.0","0.000000","0.0","4,580.00","14.70","6.76","6.75","7.94","7.95","0.51","250.00","15.40","200.00","22.02","345.90","1.30","200.00","0.49","6.75","7.20","0.72","0.43","1.03","354.35","5.55","0.01","0.56","-0.09","0.00","-0.06","356.82","-0.5","1.41","-0.1","0.00","0.1","-0.11"
00:21:14,"5,631.15","-5,115.87","222.99",On,"220.20","-12.1","60.000000","60.000000","103.000000","104.000000","95.000000","95.000000","0.00","0.00","0.00","0.00","0.000000","0.0","0.000000","0.0","4,587.00","14.70","6.76","6.75","7.94","7.95","0.51","250.00","15.40","200.00","22.02","346.00","1.30","200.00","0.48","6.75","7.20","0.72","0.42","1.02","354.33","5.55","0.01","0.57","-0.09","0.01","0.01","356.78","-0.3","1.45","2.7","0.00","-0.0","-0.09"
00:21:15,"5,625.73","-5,120.66","222.78",On,"220.20","-12.0","60.000000","60.000000","103.000000","104.000000","95.000000","95.000000","0.00","0.00","0.00","0.00","0.000000","0.0","0.000000","0.0","4,594.00","14.70","6.74","6.73","7.96","7.97","0.51","250.00","15.40","200.00","22.03","346.20","1.30","200.00","0.49","6.75","7.20","0.72","0.43","1.03","354.29","5.55","0.01","0.57","-0.09","0.02","-0.02","356.74","-0.1","1.49","2.4","0.00","-0.0","-0.10"
00:21:16,"5,620.31","-5,125.46","222.58",On,"220.20","-12.0","60.000000","60.000000","103.000000","104.000000","95.000000","95.000000","0.00","0.00","0.00","0.00","0.000000","0.0","0.000000","0.0","4,601.00","14.70","6.77","6.77","7.93","7.93","0.51","250.00","15.40","200.00","22.04","346.30","1.30","200.00","0.49","6.75","7.20","0.73","0.44","1.03","354.22","5.55","0.01","0.58","-0.09","0.00","0.03","356.71","-0.1","1.52","1.8","0.00","-0.0","-0.10"
00:21:17,"5,614.91","-5,130.28","222.39",On,"220.20","-11.9","60.000000","60.000000","103.000000","104.000000","95.000000","95.000000","0.00","0.00","0.00","0.00","0.000000","0.0","0.000000","0.0","4,609.00","14.70","6.73","6.72","7.97","7.98","0.51","250.00","15.40","200.00","22.04","346.50","1.30","200.00","0.49","6.75","7.20","0.73","0.44","1.03","354.21","5.55","0.01","0.58","-0.09","0.03","-0.01","356.67","0.0","1.55","2.2","0.00","0.0","-0.08"
00:21:18,"5,609.52","-5,135.11","222.19",On,"220.20","-11.8","60.000000","60.000000","103.000000","104.000000","95.000000","95.000000","0.00","0.00","1.00","1.00","0.000000","0.0","0.000000","0.0","4,616.00","14.70","6.76","6.75","7.94","7.95","0.51","250.00","15.40","200.00","22.05","346.60","1.30","200.00","0.50","6.75","7.20","0.74","0.45","1.04","354.17","5.55","0.01","0.58","-0.09","0.01","-0.05","356.64","0.1","1.58","1.1","0.00","-0.0","-0.11"
00:21:19,"5,604.14","-5,139.96","221.99",On,"220.20","-11.7","60.000000","60.000000","103.000000","104.000000","95.000000","95.000000","0.00","0.00","1.00","1.00","0.000000","0.0","0.000000","0.0","4,623.00","14.70","6.74","6.73","7.96","7.97","0.51","250.00","15.40","200.00","22.06","346.80","1.30","200.00","0.50","6.75","7.20","0.74","0.46","1.04","354.13","5.55","0.01","0.59","-0.10","0.03","0.06","356.62","0.1","1.59","1.1","0.00","-0.0","-0.08"
00:21:20,"5,598.78","-5,144.82","221.80",On,"220.20","-11.6","60.000000","60.000000","103.000000","104.000000","95.000000","95.000000","0.00","0.00","1.00","1.00","0.000000","0.0","0.000000","0.0","4,630.00","14.70","6.76","6.75","7.94","7.95","0.51","250.00","15.40","200.00","22.06","346.90","1.30","200.00","0.50","6.75","7.20","0.74","0.46","1.04","354.13","5.55","0.01","0.59","-0.10","0.01","-0.06","356.60","0.1","1.61","0.6","0.00","-0.0","-0.11"
00:21:21,"5,593.44","-5,149.70","221.60",On,"220.20","-11.5","60.000000","60.000000","103.000000","104.000000","95.000000","95.000000","0.00","0.00","1.00","1.00","0.000000","0.0","0.000000","0.0","4,638.00","14.70","6.76","6.76","7.94","7.94","0.51","250.00","15.40","200.00","22.07","347.10","1.30","200.00","0.50","6.75","7.20","0.75","0.47","1.04","354.10","5.55","0.01","0.59","-0.10","0.01","-0.00","356.57","0.2","1.61","0.3","0.00","-0.0","-0.12"
00:21:22,"5,588.11","-5,154.60","221.41",On,"220.20","-11.4","60.000000","60.000000","103.000000","104.000000","95.000000","95.000000","0.00","0.00","1.00","1.00","0.000000","0.0","0.000000","0.0","4,645.00","14.70","6.78","6.77","7.92","7.93","0.51","250.00","15.40","200.00","22.08","347.20","1.30","200.00","0.50","6.75","7.20","0.74","0.47","1.03","354.09","5.55","0.01","0.59","-0.10","0.00","-0.03","356.56","0.2","1.62","0.7","0.00","-0.0","-0.13"
00:21:23,"5,582.80","-5,159.52","221.22",On,"220.20","-11.2","60.000000","60.000000","103.000000","104.000000","95.000000","95.000000","0.00","0.00","2.00","2.00","0.000000","0.0","0.000000","0.0","4,652.00","14.70","6.77","6.76","7.93","7.94","0.51","250.00","15.40","200.00","22.08","347.30","1.30","200.00","0.50","6.75","7.20","0.75","0.48","1.03","354.08","5.55","0.01","0.59","-0.10","0.02","0.02","356.54","0.2","1.62","0.2","0.00","-0.0","-0.11"
00:21:24,"5,577.50","-5,164.45","221.04",On,"220.20","-11.0","60.000000","60.000000","103.000000","104.000000","95.000000","95.000000","0.00","0.00","2.00","2.00","0.000000","0.0","0.000000","0.0","4,659.00","14.70","6.78","6.77","7.92","7.93","0.51","250.00","15.40","200.00","22.09","347.40","1.30","200.00","0.50","6.75","7.20","0.75","0.48","1.03","354.07","5.55","0.01","0.59","-0.10","0.01","-0.03","356.53","0.3","1.63","-0.4","0.00","0.0","-0.13"
00:21:25,"5,572.22","-5,169.39","220.86",On,"220.20","-10.8","60.000000","60.000000","103.000000","104.000000","95.000000","95.000000","0.00","0.00","2.00","2.00","0.000000","0.0","0.000000","0.0","4,667.00","14.70","6.78","6.77","7.92","7.93","0.51","250.00","15.40","200.00","22.10","347.60","1.30","200.00","0.50","6.75","7.20","0.75","0.48","1.02","354.09","5.55","0.01","0.59","-0.11","0.01","-0.00","356.52","0.3","1.63","0.1","0.00","-0.0","-0.10"
00:21:26,"5,566.96","-5,174.36","220.68",On,"220.20","-10.7","60.000000","60.000000","103.000000","104.000000","95.000000","95.000000","0.00","0.00","2.00","2.00","0.000000","0.0","0.000000","0.0","4,674.00","14.70","6.75","6.74","7.95","7.96","0.51","250.00","15.40","200.00","22.11","347.70","1.30","200.00","0.49","6.75","7.20","0.74","0.49","1.02","354.09","5.55","0.01","0.59","-0.11","0.03","-0.04","356.52","0.3","1.63","-0.0","0.00","-0.0","-0.12"
00:21:27,"5,561.71","-5,179.34","220.50",On,"220.20","-10.4","60.000000","60.000000","103.000000","104.000000","95.000000","95.000000","0.00","0.00","2.00","2.00","0.000000","0.0","0.000000","0.0","4,681.00","14.70","6.79","6.78","7.91","7.92","0.51","250.00","15.40","200.00","22.11","347.80","1.30","200.00","0.49","6.75","7.20","0.74","0.49","1.01","354.09","5.55","0.01","0.59","-0.11","0.00","-0.00","356.52","0.3","1.62","-0.1","0.00","0.0","-0.12"
00:21:28,"5,556.48","-5,184.34","220.33",On,"220.20","-10.2","60.000000","60.000000","103.000000","104.000000","95.000000","95.000000","0.00","0.00","2.00","2.00","0.000000","0.0","0.000000","0.0","4,688.00","14.70","6.74","6.73","7.96","7.97","0.51","250.00","15.40","200.00","22.12","347.90","1.30","200.00","0.49","6.75","7.20","0.74","0.50","1.00","354.11","5.55","0.01","0.59","-0.11","0.04","0.01","356.52","0.3","1.62","-0.5","0.00","-0.1","-0.09"
00:21:29,"5,551.26","-5,189.35","220.16",On,"220.20","-10.0","60.000000","60.000000","103.000000","104.000000","95.000000","95.000000","0.00","0.00","2.00","2.00","0.000000","0.0","0.000000","0.0","4,695.00","14.70","6.77","6.76","7.93","7.94","0.51","250.00","15.40","200.00","22.13","348.00","1.30","200.00","0.49","6.75","7.20","0.74","0.50","0.99","354.12","5.54","0.01","0.59","-0.11","0.01","-0.00","356.53","0.4","1.61","-0.5","0.00","-0.0","-0.10"
00:21:30,"5,546.07","-5,194.38","220.00",On,"220.20","-9.8","60.000000","60.000000","103.000000","104.000000","95.000000","95.000000","0.00","0.00","3.00","3.00","0.000000","0.0","0.000000","0.0","4,703.00","14.70","6.75","6.74","7.95","7.96","0.51","250.00","15.40","200.00","22.13","348.20","1.30","200.00","0.48","6.75","7.20","0.74","0.50","0.98","354.14","5.54","0.01","0.59","-0.11","0.02","0.00","356.54","0.4","1.60","-0.3","0.00","0.0","-0.09"
00:21:31,"5,540.88","-5,199.43","219.84",On,"220.20","-9.5","60.000000","60.000000","103.000000","104.000000","95.000000","95.000000","0.00","0.00","3.00","3.00","0.000000","0.0","0.000000","0.0","4,710.00","14.70","6.74","6.73","7.96","7.97","0.51","250.00","15.40","200.00","22.14","348.30","1.30","200.00","0.48","6.76","7.20","0.73","0.50","0.98","354.17","5.54","0.01","0.58","-0.11","0.02","-0.03","356.55","0.4","1.60","-0.4","0.00","-0.1","-0.09"
00:21:32,"5,535.72","-5,204.49","219.68",On,"220.20","-9.3","60.000000","60.000000","103.000000","104.000000","95.000000","95.000000","0.00","0.00","3.00","3.00","0.000000","0.0","0.000000","0.0","4,717.00","14.70","6.76","6.75","7.94","7.95","0.51","250.00","15.40","200.00","22.15","348.40","1.30","200.00","0.47","6.76","7.20","0.73","0.51","0.97","354.20","5.55","0.01","0.58","-0.11","0.01","-0.01","356.57","0.4","1.59","-1.0","0.00","0.1","-0.10"
00:21:33,"5,530.57","-5,209.57","219.53",On,"220.20","-9.0","60.000000","60.000000","103.000000","104.000000","95.000000","95.000000","0.00","0.00","3.00","3.00","0.000000","0.0","0.000000","0.0","4,724.00","14.70","6.75","6.74","7.95","7.96","0.51","250.00","15.40","200.00","22.15","348.50","1.30","200.00","0.47","6.76","7.20","0.73","0.51","0.96","354.22","5.55","0.01","0.58","-0.11","0.02","0.01","356.58","0.4","1.57","-0.6","0.00","-0.1","-0.09"
00:21:34,"5,525.44","-5,214.67","219.38",On,"220.20","-8.7","60.000000","60.000000","103.000000","104.000000","95.000000","95.000000","0.00","0.00","3.00","3.00","0.000000","0.0","0.000000","0.0","4,732.00","14.70","6.76","6.75","7.94","7.95","0.51","250.00","15.40","200.00","22.16","348.50","1.30","200.00","0.46","6.76","7.20","0.72","0.51","0.94","354.26","5.55","0.01","0.58","-0.11","0.01","-0.05","356.61","0.4","1.57","-0.3","0.00","-0.0","-0.10"
00:21:35,"5,520.32","-5,219.78","219.24",On,"220.20","-8.5","60.000000","60.000000","103.000000","104.000000","95.000000","95.000000","0.00","0.00","3.00","3.00","0.000000","0.0","0.000000","0.0","4,739.00","14.70","6.75","6.74","7.95","7.96","0.51","250.00","15.40","200.00","22.17","348.60","1.30","200.00","0.46","6.76","7.20","0.72","0.51","0.93","354.29","5.55","0.01","0.57","-0.11","0.02","0.01","356.63","0.5","1.56","-1.1","0.00","0.0","-0.08"
00:21:36,"5,515.22","-5,224.91","219.10",On,"220.20","-8.2","60.000000","60.000000","103.000000","104.000000","95.000000","95.000000","0.00","0.00","3.00","3.00","0.000000","0.0","0.000000","0.0","4,746.00","14.70","6.74","6.73","7.96","7.97","0.51","250.00","15.40","200.00","22.17","348.70","1.30","200.00","0.45","6.76","7.20","0.71","0.51","0.92","354.33","5.55","0.01","0.57","-0.11","0.02","0.01","356.66","0.5","1.54","-0.6","0.00","-0.0","-0.08"
00:21:37,"5,510.14","-5,230.06","218.96",On,"220.20","-7.9","60.000000","60.000000","103.000000","104.000000","95.000000","95.000000","0.00","0.00","3.00","3.00","0.000000","0.0","0.000000","0.0","4,753.00","14.70","6.74","6.73","7.96","7.97","0.51","250.00","15.40","200.00","22.18","348.80","1.30","200.00","0.44","6.76","7.20","0.71","0.52","0.91","354.37","5.55","0.01","0.56","-0.11","0.02","0.00","356.69","0.5","1.54","-0.6","0.00","0.0","-0.09"
00:21:38,"5,505.07","-5,235.22","218.83",On,"220.20","-7.6","60.000000","60.000000","103.000000","103.000000","95.000000","95.000000","0.00","0.00","3.00","3.00","0.000000","0.0","0.000000","0.0","4,760.00","14.70","6.75","6.74","7.95","7.96","0.51","250.00","15.40","200.00","22.19","348.90","1.30","200.00","0.44","6.76","7.20","0.70","0.52","0.90","354.39","5.55","0.01","0.56","-0.11","0.01","0.02","356.73","0.5","1.52","-0.9","0.00","-0.0","-0.09"
00:21:39,"5,500.02","-5,240.39","218.71",On,"220.20","-7.4","60.000000","60.000000","103.000000","103.000000","95.000000","95.000000","0.00","0.00","4.00","4.00","0.000000","0.0","0.000000","0.0","4,768.00","14.70","6.74","6.73","7.96","7.97","0.51","250.00","15.40","200.00","22.19","349.00","1.30","200.00","0.43","6.76","7.20","0.70","0.52","0.88","354.45","5.55","0.01","0.56","-0.11","0.02","-0.01","356.77","0.5","1.51","-0.8","0.00","-0.0","-0.09"
00:21:40,"5,494.98","-5,245.58","218.59",On,"220.20","-7.1","60.000000","60.000000","103.000000","103.000000","95.000000","95.000000","0.00","0.00","4.00","4.00","0.000000","0.0","0.000000","0.0","4,775.00","14.70","6.76","6.75","7.94","7.95","0.51","250.00","15.40","200.00","22.20","349.00","1.30","200.00","0.43","6.77","7.20","0.69","0.52","0.87","354.49","5.55","0.01","0.55","-0.10","0.01","-0.00","356.81","0.5","1.49","-1.1","0.00","0.0","-0.12"
00:21:41,"5,489.95","-5,250.78","218.47",On,"220.20","-6.8","60.000000","60.000000","103.000000","103.000000","95.000000","95.000000","0.00","0.00","4.00","4.00","0.000000","0.0","0.000000","0.0","4,782.00","14.70","6.77","6.77","7.93","7.93","0.51","250.00","15.40","200.00","22.20","349.10","1.30","200.00","0.42","6.77","7.20","0.69","0.52","0.86","354.53","5.55","0.01","0.55","-0.10","0.01","0.02","356.85","0.5","1.47","-1.0","0.00","-0.0","-0.11"
00:21:42,"5,484.94","-5,256.00","218.36",On,"220.20","-6.5","60.000000","60.000000","103.000000","103.000000","95.000000","95.000000","0.00","0.00","4.00","4.00","0.000000","0.0","0.000000","0.0","4,789.00","14.70","6.75","6.74","7.95","7.96","0.51","250.00","15.40","200.00","22.21","349.20","1.30","200.00","0.41","6.77","7.20","0.68","0.52","0.84","354.59","5.55","0.01","0.54","-0.10","0.02","0.02","356.89","0.5","1.46","-0.8","0.00","-0.0","-0.10"
00:21:43,"5,479.95","-5,261.23","218.26",On,"220.20","-6.2","60.000000","60.000000","103.000000","103.000000","95.000000","95.000000","0.00","0.00","4.00","4.00","0.000000","0.0","0.000000","0.0","4,797.00","14.70","6.77","6.76","7.93","7.94","0.51","250.00","15.40","200.00","22.22","349.20","1.30","200.00","0.41","6.77","7.20","0.68","0.52","0.83","354.63","5.55","0.01","0.54","-0.10","0.01","0.00","356.94","0.5","1.44","-1.4","0.00","0.0","-0.10"
00:21:44,"5,474.97","-5,266.48","218.15",On,"220.20","-5.9","60.000000","60.000000","103.000000","103.000000","95.000000","95.000000","0.00","0.00","4.00","4.00","0.000000","0.0","0.000000","0.0","4,804.00","14.70","6.72","6.71","7.98","7.99","0.51","250.00","15.40","200.00","22.22","349.30","1.30","200.00","0.40","6.77","7.20","0.67","0.52","0.82","354.68","5.55","0.01","0.53","-0.10","0.04","0.01","356.99","0.5","1.42","-0.8","0.00","-0.0","-0.08"
00:21:45,"5,470.00","-5,271.74","218.06",On,"220.20","-5.6","60.000000","60.000000","103.000000","103.000000","95.000000","95.000000","0.00","0.00","4.00","4.00","0.000000","0.0","0.000000","0.0","4,811.00","14.70","6.77","6.76","7.93","7.94","0.51","250.00","15.40","200.00","22.23","349.30","1.30","200.00","0.39","6.77","7.21","0.66","0.53","0.80","354.74","5.55","0.01","0.53","-0.10","-0.00","-0.00","357.04","0.5","1.41","-1.0","0.00","-0.0","-0.11"
00:21:46,"5,465.04","-5,277.01","217.97",On,"220.20","-5.4","60.000000","60.000000","103.000000","103.000000","95.000000","95.000000","0.00","0.00","4.00","4.00","0.000000","0.0","0.000000","0.0","4,818.00","14.70","6.74","6.73","7.96","7.97","0.51","250.00","15.40","200.00","22.23","349.40","1.30","200.00","0.39","6.78","7.21","0.66","0.53","0.79","354.78","5.55","0.01","0.52","-0.09","0.02","-0.01","357.10","0.5","1.38","-1.7","0.00","0.1","-0.09"
00:21:47,"5,460.09","-5,282.29","217.88",On,"220.20","-5.1","60.000000","60.000000","103.000000","103.000000","95.000000","95.000000","0.00","0.00","4.00","4.00","0.000000","0.0","0.000000","0.0","4,826.00","14.70","6.76","6.75","7.94","7.95","0.51","250.00","15.40","200.00","22.24","349.40","1.30","200.00","0.38","6.78","7.21","0.65","0.52","0.78","354.84","5.55","0.01","0.52","-0.09","0.01","-0.03","357.15","0.5","1.37","-0.9","0.00","0.0","-0.11"
00:21:48,"5,455.16","-5,287.59","217.80",On,"220.20","-4.8","60.000000","60.000000","103.000000","103.000000","95.000000","95.000000","0.00","0.00","4.00","4.00","0.000000","0.0","0.000000","0.0","4,833.00","14.70","6.74","6.73","7.96","7.97","0.51","250.00","15.40","200.00","22.25","349.50","1.30","200.00","0.37","6.78","7.21","0.64","0.53","0.76","354.89","5.55","0.01","0.51","-0.09","0.02","0.00","357.21","0.5","1.35","-1.3","0.00","-0.0","-0.10"
00:21:49,"5,450.24","-5,292.90","217.72",On,"220.20","-4.5","60.000000","60.000000","103.000000","103.000000","95.000000","95.000000","0.00","0.00","4.00","4.00","0.000000","0.0","0.000000","0.0","4,840.00","14.70","6.77","6.76","7.93","7.94","0.51","250.00","15.40","200.00","22.25","349.50","1.30","200.00","0.36","6.78","7.21","0.63","0.53","0.75","354.94","5.55","0.01","0.50","-0.09","0.00","-0.01","357.27","0.5","1.33","-1.1","0.00","-0.0","-0.11"
00:21:50,"5,445.33","-5,298.22","217.65",On,"220.20","-4.2","60.000000","60.000000","103.000000","103.000000","95.000000","95.000000","0.00","0.00","4.00","4.00","0.000000","0.0","0.000000","0.0","4,847.00","14.70","6.75","6.74","7.95","7.96","0.51","250.00","15.40","200.00","22.26","349.50","1.30","200.00","0.35","6.78","7.21","0.63","0.52","0.73","355.01","5.56","0.01","0.50","-0.09","0.02","0.05","357.33","0.5","1.31","-0.5","0.00","-0.1","-0.09"
00:21:51,"5,440.44","-5,303.56","217.58",On,"220.20","-4.0","60.000000","60.000000","103.000000","103.000000","95.000000","95.000000","0.00","0.00","4.00","4.00","0.000000","0.0","0.000000","0.0","4,854.00","14.70","6.75","6.74","7.95","7.96","0.51","250.00","15.40","200.00","22.26","349.60","1.30","200.00","0.35","6.78","7.22","0.62","0.53","0.72","355.06","5.56","0.01","0.49","-0.08","0.01","-0.04","357.39","0.5","1.29","-1.9","0.00","0.1","-0.11"
00:21:52,"5,435.54","-5,308.90","217.51",On,"220.20","-3.8","60.000000","60.000000","103.000000","103.000000","95.000000","95.000000","0.00","0.00","4.00","4.00","0.000000","0.0","0.000000","0.0","4,862.00","14.70","6.76","6.75","7.94","7.95","0.51","250.00","15.40","200.00","22.27","349.60","1.30","200.00","0.34","6.79","7.22","0.61","0.52","0.71","355.12","5.56","0.01","0.49","-0.08","0.01","0.04","357.46","0.5","1.26","-1.0","0.00","-0.0","-0.09"
00:21:53,"5,430.67","-5,314.26","217.45",On,"220.20","-3.5","60.000000","60.000000","103.000000","103.000000","95.000000","95.000000","0.00","0.00","4.00","4.00","0.000000","0.0","0.000000","0.0","4,869.00","14.70","6.73","6.72","7.97","7.98","0.51","250.00","15.40","200.00","22.27","349.60","1.30","200.00","0.33","6.79","7.22","0.61","0.52","0.70","355.17","5.56","0.01","0.48","-0.08","0.03","-0.01","357.52","0.4","1.24","-1.3","0.00","-0.0","-0.09"
00:21:54,"5,425.81","-5,319.62","217.40",On,"220.20","-3.3","60.000000","60.000000","103.000000","103.000000","95.000000","95.000000","0.00","0.00","4.00","4.00","0.000000","0.0","0.000000","0.0","4,876.00","14.70","6.77","6.76","7.93","7.94","0.51","250.00","15.40","200.00","22.28","349.60","1.30","200.00","0.33","6.79","7.22","0.60","0.52","0.68","355.22","5.56","0.01","0.47","-0.08","-0.01","0.02","357.59","0.4","1.22","-1.5","0.00","0.1","-0.10"
00:21:55,"5,420.95","-5,325.00","217.34",On,"220.20","-3.1","60.000000","60.000000","103.000000","103.000000","95.000000","95.000000","0.00","0.00","4.00","4.00","0.000000","0.0","0.000000","0.0","4,883.00","14.70","6.73","6.72","7.96","7.98","0.51","250.00","15.40","200.00","22.28","349.70","1.30","200.00","0.32","6.79","7.22","0.59","0.52","0.67","355.30","5.56","0.01","0.47","-0.08","0.02","-0.03","357.65","0.4","1.20","-1.1","0.00","-0.0","-0.09"
00:21:56,"5,416.11","-5,330.39","217.29",On,"220.20","-2.9","60.000000","60.000000","103.000000","103.000000","95.000000","95.000000","0.00","0.00","4.00","4.00","0.000000","0.0","0.000000","0.0","4,891.00","14.65","6.76","6.75","7.85","7.95","0.51","250.00","15.40","200.00","22.29","349.70","1.30","200.00","0.31","6.80","7.22","0.58","0.52","0.66","355.35","5.57","0.01","0.46","-0.07","0.00","-0.03","357.72","0.4","1.18","-1.2","0.00","-0.0","-0.11"
00:21:57,"5,411.27","-5,335.79","217.25",On,"220.20","-2.7","60.000000","60.000000","103.000000","103.000000","95.000000","95.000000","0.00","0.00","4.00","4.00","0.000000","0.0","0.000000","0.0","4,898.00","14.61","6.76","6.75","7.77","7.95","0.51","250.00","15.40","200.00","22.29","349.70","1.30","200.00","0.30","6.80","7.23","0.58","0.51","0.65","355.40","5.57","0.01","0.46","-0.07","0.01","0.02","357.78","0.4","1.16","-1.2","0.00","0.1","-0.10"
00:21:58,"5,406.43","-5,341.20","217.21",On,"220.20","-2.5","60.000000","60.000000","103.000000","103.000000","95.000000","95.000000","0.00","0.00","4.00","4.00","0.000000","0.0","0.000000","0.0","4,905.00","14.57","6.74","6.73","7.71","7.97","0.51","250.00","15.40","200.00","22.30","349.70","1.30","200.00","0.29","6.80","7.23","0.57","0.51","0.63","355.46","5.57","0.01","0.45","-0.07","0.02","0.02","357.85","0.4","1.14","-1.2","0.00","-0.0","-0.08"
00:21:59,"5,401.61","-5,346.61","217.17",On,"220.20","-2.3","60.000000","60.000000","103.000000","103.000000","95.000000","95.000000","0.00","0.00","4.00","4.00","0.000000","0.0","0.000000","0.0","4,912.00","14.53","6.77","6.76","7.60","7.94","0.51","250.00","15.40","200.00","22.30","349.70","1.30","200.00","0.29","6.80","7.23","0.56","0.51","0.62","355.52","5.57","0.01","0.45","-0.07","-0.00","-0.04","357.91","0.4","1.12","-1.1","0.00","0.0","-0.12"
00:22:00,"5,396.80","-5,352.04","217.13",On,"220.20","-2.1","60.000000","60.000000","103.000000","103.000000","95.000000","95.000000","0.00","0.00","4.00","4.00","0.000000","0.0","0.000000","0.0","4,920.00","14.49","6.75","6.74","7.54","7.96","0.51","250.00","15.40","200.00","22.31","349.70","1.30","200.00","0.28","6.80","7.23","0.55","0.50","0.61","355.59","5.57","0.01","0.44","-0.07","0.01","0.02","357.98","0.3","1.11","-0.8","0.00","-0.0","-0.10"
00:22:01,"5,392.00","-5,357.47","217.10",On,"220.20","-1.9","60.000000","60.000000","103.000000","103.000000","95.000000","95.000000","0.00","0.00","4.00","4.00","0.000000","0.0","0.000000","0.0","4,927.00","14.43","6.77","6.76","7.40","7.94","0.51","250.00","15.40","200.00","22.31","349.70","1.30","200.00","0.27","6.81","7.23","0.55","0.50","0.60","355.64","5.57","0.01","0.43","-0.06","-0.00","-0.02","358.04","0.3","1.09","-1.0","0.00","-0.0","-0.12"
00:22:02,"5,387.20","-5,362.92","217.07",On,"220.20","-1.7","60.000000","60.000000","103.000000","103.000000","95.000000","95.000000","0.00","0.00","4.00","4.00","0.000000","0.0","0.000000","0.0","4,934.00","14.37","6.77","6.76","7.27","7.94","0.51","250.00","15.40","200.00","22.31","349.70","1.30","200.00","0.26","6.81","7.24","0.54","0.50","0.58","355.71","5.58","0.01","0.43","-0.06","0.01","0.02","358.11","0.3","1.07","-0.7","0.00","0.1","-0.12"
00:22:03,"5,382.41","-5,368.37","217.04",On,"220.20","-1.5","60.000000","60.000000","103.000000","103.000000","95.000000","95.000000","0.00","0.00","5.00","5.00","0.000000","0.0","0.000000","0.0","4,941.00","14.30","6.77","6.76","7.13","7.94","0.51","250.00","15.40","200.00","22.32","349.70","1.30","200.00","0.26","6.81","7.24","0.53","0.50","0.57","355.76","5.58","0.01","0.42","-0.06","0.01","0.04","358.17","0.3","1.06","-0.9","0.00","-0.1","-0.10"
00:22:04,"5,377.63","-5,373.83","217.01",On,"220.20","-1.4","60.000000","60.000000","103.000000","103.000000","95.000000","95.000000","0.00","0.00","5.00","5.00","0.000000","0.0","0.000000","0.0","4,949.00","14.23","6.74","6.73","7.03","7.97","0.51","250.00","15.40","200.00","22.32","349.70","1.30","200.00","0.25","6.81","7.24","0.53","0.49","0.56","355.82","5.58","0.01","0.41","-0.06","0.02","-0.00","358.24","0.3","1.04","-0.5","0.00","-0.0","-0.09"
00:22:05,"5,372.86","-5,379.30","216.99",On,"220.20","-1.2","60.000000","60.000000","103.000000","103.000000","95.000000","95.000000","0.00","0.00","5.00","5.00","0.000000","0.0","0.000000","0.0","4,956.00","14.17","6.77","6.76","6.86","7.94","0.51","250.00","15.40","200.00","22.33","349.70","1.30","200.00","0.24","6.82","7.24","0.52","0.49","0.55","355.87","5.58","0.01","0.41","-0.06","-0.00","-0.00","358.30","0.3","1.03","-1.8","0.00","0.2","-0.10"
00:22:06,"5,368.08","-5,384.78","216.97",On,"220.20","-1.0","60.000000","60.000000","103.000000","103.000000","95.000000","95.000000","0.00","0.00","5.00","5.00","0.000000","0.0","0.000000","0.0","4,963.00","14.10","6.74","6.73","6.76","7.97","0.51","250.00","15.40","200.00","22.33","349.70","1.30","200.00","0.23","6.82","7.25","0.51","0.49","0.54","355.93","5.58","0.01","0.41","-0.05","0.02","0.00","358.37","0.3","1.02","-0.7","0.00","-0.1","-0.09"
00:22:07,"5,363.31","-5,390.26","216.96",On,"220.20","-0.8","60.000000","60.000000","103.000000","103.000000","95.000000","95.000000","0.00","0.00","5.00","5.00","0.000000","0.0","0.000000","0.0","4,970.00","14.03","6.78","6.77","6.59","7.93","0.51","250.00","15.40","200.00","22.34","349.70","1.30","200.00","0.23","6.82","7.25","0.50","0.48","0.52","355.99","5.59","0.01","0.40","-0.05","-0.01","-0.03","358.43","0.3","1.01","-0.1","359.99","0.0","-0.13"
00:22:08,"5,358.55","-5,395.75","216.95",On,"220.20","-0.7","60.000000","60.000000","103.000000","103.000000","95.000000","95.000000","0.00","0.00","5.00","5.00","0.000000","0.0","0.000000","0.0","4,978.00","13.97","6.78","6.77","6.45","7.93","0.51","250.00","15.40","200.00","22.34","349.70","1.30","200.00","0.22","6.82","7.25","0.50","0.48","0.52","356.03","5.59","0.01","0.39","-0.05","0.00","0.07","358.49","0.3","0.99","-0.9","0.00","-0.0","-0.10"
00:22:09,"5,353.81","-5,401.25","216.94",On,"220.20","-0.5","60.000000","60.000000","103.000000","103.000000","95.000000","95.000000","0.00","0.00","5.00","5.00","0.000000","0.0","0.000000","0.0","4,985.00","13.90","6.76","6.75","6.34","7.95","0.51","250.00","15.40","200.00","22.34","349.70","1.30","200.00","0.22","6.83","7.25","0.49","0.48","0.51","356.08","5.58","0.01","0.39","-0.05","0.01","-0.07","358.56","0.3","0.98","-0.6","359.99","-0.0","-0.13"
00:22:10,"5,349.06","-5,406.75","216.93",On,"220.20","-0.4","60.000000","60.000000","103.000000","103.000000","95.000000","95.000000","0.00","0.00","5.00","5.00","0.000000","0.0","0.000000","0.0","4,992.00","13.83","6.78","6.77","6.18","7.93","0.51","250.00","15.40","200.00","22.35","349.70","1.30","200.00","0.21","6.83","7.25","0.49","0.48","0.50","356.14","5.59","0.01","0.38","-0.05","0.00","0.03","358.62","0.3","0.97","-1.0","0.00","0.0","-0.11"
00:22:11,"5,344.31","-5,412.26","216.92",On,"220.20","-0.3","60.000000","60.000000","103.000000","103.000000","95.000000","95.000000","0.00","0.00","5.00","5.00","0.000000","0.0","0.000000","0.0","5,000.00","13.84","6.75","6.74","6.24","7.96","0.51","250.00","15.40","200.00","22.35","349.70","1.30","200.00","0.20","6.83","7.26","0.48","0.48","0.49","356.17","5.59","0.01","0.38","-0.04","0.02","-0.01","358.68","0.3","0.95","-0.8","0.00","-0.0","-0.12"
00:22:12,"5,339.56","-5,417.78","216.92",On,"220.20","-0.1","60.000000","60.000000","103.000000","103.000000","95.000000","95.000000","0.00","0.00","5.00","5.00","0.000000","0.0","0.000000","0.0","5,007.00","13.91","6.79","6.78","6.32","7.92","0.51","250.00","15.40","200.00","22.35","349.70","1.30","200.00","0.20","6.83","7.26","0.48","0.47","0.48","356.23","5.59","0.01","0.37","-0.04","-0.01","0.04","358.74","0.2","0.94","-0.6","359.99","0.0","-0.12"
00:22:13,"5,334.82","-5,423.30","216.92",On,"220.20","-0.0","60.000000","60.000000","103.000000","103.000000","95.000000","95.000000","0.00","0.00","5.00","5.00","0.000000","0.0","0.000000","0.0","5,014.00","13.97","6.78","6.76","6.45","7.94","0.51","250.00","15.40","200.00","22.36","349.70","1.30","200.00","0.20","6.83","7.26","0.47","0.47","0.48","356.27","5.60","0.01","0.37","-0.04","0.01","-0.03","358.80","0.2","0.92","-2.0","0.00","0.2","-0.12"
00:22:14,"5,330.07","-5,428.82","216.92",On,"220.20","0.1","60.000000","60.000000","103.000000","103.000000","95.000000","95.000000","0.00","0.00","5.00","5.00","0.000000","0.0","0.000000","0.0","5,021.00","14.03","6.77","6.75","6.59","7.95","0.51","250.00","15.40","200.00","22.36","349.70","1.30","200.00","0.19","6.84","7.26","0.46","0.47","0.46","356.32","5.60","0.01","0.37","-0.04","0.01","0.01","358.86","0.2","0.92","-0.4","0.00","-0.1","-0.10"
00:22:15,"5,325.33","-5,434.35","216.92",On,"220.20","0.2","60.000000","60.000000","103.000000","103.000000","95.000000","95.000000","0.00","0.00","5.00","5.00","0.000000","0.0","0.000000","0.0","5,029.00","14.09","6.75","6.74","6.72","7.96","0.51","250.00","15.40","200.00","22.36","349.60","1.30","200.00","0.18","6.84","7.27","0.46","0.46","0.45","356.37","5.60","0.01","0.37","-0.03","0.01","-0.03","358.92","0.2","0.91","-0.3","0.00","-0.0","-0.09"
00:22:16,"5,320.62","-5,439.89","216.93",On,"220.20","0.3","60.000000","60.000000","103.000000","103.000000","95.000000","95.000000","0.00","0.00","5.00","5.00","0.000000","0.0","0.000000","0.0","5,036.00","14.15","6.75","6.73","6.85","7.97","0.51","250.00","15.40","200.00","22.37","349.60","1.30","200.00","0.18","6.84","7.27","0.45","0.46","0.45","356.40","5.60","0.01","0.35","-0.03","0.01","0.04","358.97","0.2","0.89","-0.7","0.00","-0.0","-0.08"
00:22:17,"5,315.90","-5,445.43","216.93",On,"220.20","0.5","60.000000","60.000000","103.000000","103.000000","95.000000","95.000000","0.00","0.00","5.00","5.00","0.000000","0.0","0.000000","0.0","5,043.00","14.21","6.75","6.74","6.97","7.96","0.51","250.00","15.40","200.00","22.37","349.60","1.30","200.00","0.17","6.84","7.27","0.45","0.46","0.44","356.46","5.60","0.01","0.35","-0.03","0.01","-0.02","359.03","0.2","0.88","-0.3","359.99","-0.0","-0.09"
00:22:18,"5,311.18","-5,450.97","216.94",On,"220.20","0.6","60.000000","60.000000","103.000000","103.000000","95.000000","95.000000","0.00","0.00","5.00","5.00","0.000000","0.0","0.000000","0.0","5,050.00","14.20","6.76","6.75","6.98","7.92","0.51","250.00","15.40","200.00","22.37","349.60","1.30","200.00","0.17","6.84","7.27","0.44","0.46","0.43","356.50","5.60","0.01","0.34","-0.03","-0.00","-0.03","359.08","0.2","0.87","-0.9","359.99","-0.0","-0.12"
00:22:19,"5,306.46","-5,456.52","216.95",On,"220.20","0.7","60.000000","60.000000","103.000000","103.000000","95.000000","95.000000","0.00","0.00","5.00","5.00","0.000000","0.0","0.000000","0.0","5,058.00","14.17","6.78","6.77","6.98","7.82","0.51","250.00","15.40","200.00","22.37","349.60","1.30","200.00","0.16","6.85","7.27","0.44","0.45","0.42","356.54","5.60","0.01","0.34","-0.03","-0.00","0.02","359.14","0.2","0.86","-0.5","359.99","-0.0","-0.11"
00:22:20,"5,301.74","-5,462.07","216.96",On,"220.20","0.8","60.000000","60.000000","103.000000","103.000000","95.000000","95.000000","0.00","0.00","5.00","5.00","0.000000","0.0","0.000000","0.0","5,065.00","14.14","6.77","6.76","7.01","7.75","0.51","250.00","15.40","200.00","22.38","349.50","1.30","200.00","0.15","6.85","7.27","0.43","0.45","0.41","356.59","5.60","0.01","0.33","-0.03","0.00","-0.04","359.19","0.2","0.86","0.0","359.99","0.0","-0.14"
00:22:21,"5,297.02","-5,467.62","216.98",On,"220.20","0.9","60.000000","60.000000","103.000000","103.000000","95.000000","95.000000","0.00","0.00","5.00","5.00","0.000000","0.0","0.000000","0.0","5,072.00","14.11","6.81","6.79","6.99","7.63","0.51","250.00","15.40","200.00","22.38","349.50","1.30","200.00","0.15","6.85","7.28","0.43","0.45","0.41","356.62","5.60","0.01","0.33","-0.02","-0.01","0.02","359.24","0.2","0.84","-0.8","359.99","0.0","-0.14"
00:22:22,"5,292.31","-5,473.18","216.99",On,"220.20","1.0","60.000000","60.000000","103.000000","103.000000","95.000000","95.000000","0.00","0.00","5.00","5.00","0.000000","0.0","0.000000","0.0","5,080.00","14.08","6.79","6.77","7.03","7.58","0.51","250.00","15.40","200.00","22.38","349.50","1.30","200.00","0.14","6.85","7.28","0.42","0.45","0.40","356.66","5.61","0.01","0.33","-0.02","0.01","0.02","359.29","0.2","0.83","-0.3","359.99","-0.0","-0.12"
00:22:23,"5,287.59","-5,478.73","217.01",On,"220.20","1.1","60.000000","60.000000","103.000000","103.000000","95.000000","95.000000","0.00","0.00","5.00","5.00","0.000000","0.0","0.000000","0.0","5,087.00","14.05","6.78","6.76","7.05","7.51","0.51","250.00","15.40","200.00","22.38","349.50","1.30","200.00","0.14","6.85","7.28","0.41","0.44","0.39","356.70","5.61","0.01","0.33","-0.02","0.01","0.01","359.34","0.2","0.83","0.3","359.99","-0.1","-0.12"
00:22:24,"5,282.87","-5,484.30","217.03",On,"220.20","1.2","60.000000","60.000000","103.000000","103.000000","95.000000","95.000000","0.00","0.00","5.00","5.00","0.000000","0.0","0.000000","0.0","5,094.00","14.02","6.77","6.75","7.08","7.44","0.51","250.00","15.40","200.00","22.38","349.50","1.30","200.00","0.14","6.85","7.28","0.41","0.44","0.38","356.72","5.61","0.01","0.32","-0.02","0.01","0.02","359.39","0.2","0.81","-0.9","359.99","0.0","-0.10"
00:22:25,"5,278.15","-5,489.86","217.05",On,"220.20","1.4","60.000000","60.000000","103.000000","103.000000","95.000000","95.000000","0.00","0.00","5.00","5.00","0.000000","0.0","0.000000","0.0","5,101.00","13.99","6.76","6.74","7.11","7.37","0.51","250.00","15.40","200.00","22.38","349.40","1.30","200.00","0.13","6.85","7.28","0.41","0.44","0.37","356.79","5.61","0.01","0.32","-0.02","0.01","-0.04","359.44","0.2","0.81","-0.4","359.99","-0.0","-0.11"
00:22:26,"5,273.43","-5,495.42","217.08",On,"220.20","1.5","60.000000","60.000000","103.000000","103.000000","95.000000","95.000000","0.00","0.00","5.00","5.00","0.000000","0.0","0.000000","0.0","5,109.00","13.94","6.76","6.75","7.13","7.25","0.51","250.00","15.40","200.00","22.38","349.40","1.30","200.00","0.13","6.85","7.28","0.40","0.44","0.37","356.81","5.61","0.01","0.32","-0.02","0.01","0.03","359.49","0.2","0.80","-0.8","359.99","0.0","-0.10"
00:22:27,"5,268.72","-5,500.99","217.10",On,"220.20","1.7","60.000000","60.000000","103.000000","103.000000","95.000000","95.000000","0.00","0.00","5.00","5.00","0.000000","0.0","0.000000","0.0","5,116.00","13.88","6.79","6.77","7.12","7.09","0.51","250.00","15.40","200.00","22.39","349.40","1.30","200.00","0.12","6.85","7.28","0.40","0.44","0.36","356.84","5.61","0.01","0.31","-0.01","-0.01","-0.03","359.54","0.2","0.79","-0.1","359.99","-0.0","-0.14"
00:22:28,"5,264.00","-5,506.55","217.13",On,"220.20","1.8","60.000000","60.000000","103.000000","103.000000","95.000000","95.000000","0.00","0.00","4.00","4.00","0.000000","0.0","0.000000","0.0","5,123.00","13.82","6.78","6.76","7.14","6.96","0.51","250.00","15.40","200.00","22.39","349.40","1.30","200.00","0.12","6.86","7.28","0.39","0.44","0.35","356.89","5.61","0.01","0.31","-0.01","0.01","0.05","359.59","0.3","0.78","-0.4","359.99","-0.0","-0.10"
00:22:29,"5,259.28","-5,512.13","217.16",On,"220.20","2.0","60.000000","60.000000","103.000000","103.000000","95.000000","95.000000","0.00","0.00","4.00","4.00","0.000000","0.0","0.000000","0.0","5,131.00","13.77","6.78","6.77","7.16","6.82","0.51","250.00","15.40","200.00","22.39","349.30","1.30","200.00","0.12","6.86","7.29","0.39","0.44","0.34","356.92","5.62","0.01","0.31","-0.01","-0.00","-0.11","359.64","0.3","0.77","-0.8","359.99","0.1","-0.15"
00:22:30,"5,254.56","-5,517.70","217.20",On,"220.20","2.2","60.000000","60.000000","103.000000","103.000000","95.000000","95.000000","0.00","0.00","4.00","4.00","0.000000","0.0","0.000000","0.0","5,138.00","13.71","6.78","6.76","7.18","6.69","0.51","250.00","15.40","200.00","22.39","349.30","1.30","200.00","0.11","6.86","7.29","0.39","0.44","0.33","356.95","5.62","0.01","0.30","-0.01","0.01","0.12","359.69","0.3","0.76","-0.4","359.99","-0.0","-0.08"
00:22:31,"5,249.84","-5,523.27","217.24",On,"220.20","2.3","60.000000","60.000000","103.000000","103.000000","95.000000","95.000000","0.00","0.00","4.00","4.00","0.000000","0.0","0.000000","0.0","5,145.00","13.65","6.75","6.73","7.23","6.59","0.51","250.00","15.40","200.00","22.39","349.30","1.30","200.00","0.11","6.86","7.29","0.38","0.44","0.32","356.99","5.62","0.01","0.30","-0.01","0.02","-0.07","359.74","0.3","0.75","-0.5","359.99","-0.0","-0.11"
00:22:32,"5,245.12","-5,528.85","217.28",On,"220.20","2.4","60.000000","60.000000","103.000000","103.000000","95.000000","95.000000","0.00","0.00","4.00","4.00","0.000000","0.0","0.000000","0.0","5,152.00","13.59","6.79","6.77","7.21","6.42","0.51","250.00","15.40","200.00","22.39","349.20","1.30","200.00","0.10","6.86","7.29","0.38","0.44","0.32","357.02","5.62","0.01","0.29","-0.00","-0.01","0.01","359.79","0.3","0.74","-0.5","359.99","0.0","-0.10"
00:22:33,"5,240.41","-5,534.42","217.32",On,"220.20","2.5","60.000000","60.000000","103.000000","103.000000","95.000000","95.000000","0.00","0.00","4.00","4.00","0.000000","0.0","0.000000","0.0","5,160.00","13.54","6.75","6.74","7.26","6.32","0.51","250.00","15.40","200.00","22.40","349.20","1.30","200.00","0.10","6.87","7.30","0.37","0.43","0.31","357.06","5.62","0.01","0.29","-0.00","0.01","-0.01","359.84","0.2","0.74","-0.2","359.99","-0.1","-0.11"
00:22:34,"5,235.69","-5,539.99","217.36",On,"220.20","2.7","60.000000","60.000000","103.000000","103.000000","95.000000","95.000000","0.00","0.00","4.00","4.00","0.000000","0.0","0.000000","0.0","5,167.00","13.48","6.80","6.78","7.24","6.14","0.51","250.00","15.40","200.00","22.40","349.10","1.30","200.00","0.10","6.87","7.30","0.37","0.43","0.30","357.08","5.62","0.01","0.29","0.00","-0.01","-0.06","359.89","0.2","0.73","-0.6","359.99","0.0","-0.16"
00:22:35,"5,230.97","-5,545.56","217.41",On,"220.20","2.8","60.000000","60.000000","103.000000","103.000000","95.000000","95.000000","0.00","0.00","4.00","4.00","0.000000","0.0","0.000000","0.0","5,174.00","13.47","6.80","6.78","7.25","6.10","0.51","250.00","15.40","200.00","22.40","349.10","1.30","200.00","0.09","6.87","7.30","0.37","0.43","0.30","357.11","5.62","0.01","0.28","0.00","0.00","0.06","359.94","0.2","0.72","-0.6","359.99","-0.0","-0.13"
00:22:36,"5,226.25","-5,551.14","217.45",On,"220.20","2.9","60.000000","60.000000","103.000000","103.000000","95.000000","95.000000","0.00","0.00","4.00","4.00","0.000000","0.0","0.000000","0.0","5,182.00","13.54","6.79","6.78","7.28","6.23","0.51","250.00","15.40","200.00","22.40","349.10","1.30","200.00","0.09","6.87","7.30","0.36","0.43","0.29","357.14","5.62","0.01","0.28","0.00","0.00","-0.02","359.99","0.2","0.71","-0.6","359.99","-0.0","-0.15"
00:22:37,"5,221.53","-5,556.71","217.50",On,"220.20","3.0","60.000000","60.000000","103.000000","103.000000","95.000000","95.000000","0.00","0.00","4.00","4.00","0.000000","0.0","0.000000","0.0","5,189.00","13.61","6.80","6.78","7.29","6.35","0.51","250.00","15.40","200.00","22.40","349.00","1.30","200.00","0.09","6.87","7.30","0.36","0.43","0.28","357.18","5.62","0.01","0.27","0.00","0.00","0.05","0.03","0.2","0.70","-0.5","359.99","0.0","-0.13"
00:22:38,"5,216.80","-5,562.28","217.55",On,"220.20","3.1","60.000000","60.000000","103.000000","103.000000","95.000000","95.000000","0.00","0.00","4.00","4.00","0.000000","0.0","0.000000","0.0","5,196.00","13.68","6.78","6.77","7.32","6.48","0.51","250.00","15.40","200.00","22.40","349.00","1.30","200.00","0.08","6.88","7.31","0.36","0.43","0.28","357.20","5.62","0.01","0.27","0.01","0.01","0.00","0.08","0.2","0.69","-0.5","359.99","-0.0","-0.12"
00:22:39,"5,212.05","-5,567.86","217.60",On,"220.20","3.2","60.000000","60.000000","103.000000","103.000000","95.000000","95.000000","0.00","0.00","4.00","4.00","0.000000","0.0","0.000000","0.0","5,204.00","13.75","6.77","6.75","7.36","6.62","0.51","250.00","15.40","200.00","22.40","348.90","1.30","200.00","0.08","6.88","7.31","0.35","0.43","0.27","357.23","5.63","0.01","0.27","0.01","0.01","0.01","0.12","0.2","0.68","-0.2","359.99","-0.0","-0.11"
00:22:40,"5,207.30","-5,573.43","217.66",On,"220.20","3.2","60.000000","60.000000","103.000000","103.000000","95.000000","95.000000","0.00","0.00","4.00","4.00","0.000000","0.0","0.000000","0.0","5,211.00","13.82","6.77","6.76","7.37","6.74","0.51","250.00","15.40","200.00","22.41","348.90","1.30","200.00","0.08","6.88","7.31","0.35","0.43","0.27","357.27","5.63","0.01","0.27","0.01","0.00","-0.01","0.17","0.2","0.68","-0.6","359.99","0.0","-0.11"
00:22:41,"5,202.56","-5,579.00","217.71",On,"220.20","3.3","60.000000","60.000000","103.000000","103.000000","95.000000","95.000000","0.00","0.00","4.00","4.00","0.000000","0.0","0.000000","0.0","5,218.00","13.88","6.77","6.75","7.39","6.86","0.51","250.00","15.40","200.00","22.41","348.80","1.30","200.00","0.07","6.88","7.31","0.34","0.43","0.26","357.29","5.64","0.01","0.27","0.01","0.01","0.01","0.21","0.2","0.67","-0.4","359.99","-0.0","-0.10"
00:22:42,"5,197.81","-5,584.58","217.77",On,"220.20","3.4","60.000000","60.000000","103.000000","103.000000","95.000000","95.000000","0.00","0.00","4.00","4.00","0.000000","0.0","0.000000","0.0","5,226.00","13.90","6.77","6.75","7.41","6.88","0.51","250.00","15.40","200.00","22.41","348.80","1.30","200.00","0.07","6.88","7.32","0.34","0.42","0.25","357.32","5.64","0.01","0.26","0.01","0.00","-0.01","0.26","0.2","0.67","-0.1","359.99","0.0","-0.11"
00:22:43,"5,193.06","-5,590.15","217.83",On,"220.20","3.5","60.000000","60.000000","103.000000","103.000000","95.000000","95.000000","0.00","0.00","4.00","4.00","0.000000","0.0","0.000000","0.0","5,233.00","13.92","6.78","6.77","7.41","6.88","0.51","250.00","15.40","200.00","22.41","348.80","1.30","200.00","0.07","6.89","7.32","0.34","0.42","0.25","357.33","5.64","0.01","0.26","0.02","-0.01","-0.04","0.30","0.2","0.66","-0.5","359.99","-0.0","-0.13"
00:22:44,"5,188.31","-5,595.72","217.89",On,"220.20","3.6","60.000000","60.000000","103.000000","103.000000","95.000000","95.000000","0.00","0.00","4.00","4.00","0.000000","0.0","0.000000","0.0","5,240.00","13.94","6.76","6.74","7.45","6.92","0.51","250.00","15.40","200.00","22.41","348.70","1.30","200.00","0.06","6.89","7.32","0.34","0.42","0.25","357.36","5.64","0.01","0.25","0.01","0.01","0.04","0.34","0.1","0.65","-0.3","359.99","-0.0","-0.10"
00:22:45,"5,183.55","-5,601.29","217.95",On,"220.20","3.6","60.000000","60.000000","103.000000","103.000000","95.000000","95.000000","0.00","0.00","4.00","4.00","0.000000","0.0","0.000000","0.0","5,247.00","13.96","6.79","6.77","7.45","6.92","0.51","250.00","15.40","200.00","22.41","348.70","1.30","200.00","0.06","6.89","7.32","0.33","0.42","0.24","357.39","5.64","0.01","0.25","0.02","-0.01","-0.06","0.38","0.1","0.65","-0.7","359.99","0.1","-0.14"
00:22:46,"5,178.78","-5,606.86","218.01",On,"220.20","3.7","60.000000","60.000000","103.000000","103.000000","95.000000","95.000000","0.00","0.00","3.00","3.00","0.000000","0.0","0.000000","0.0","5,255.00","13.98","6.76","6.75","7.50","6.96","0.51","250.00","15.40","200.00","22.41","348.60","1.30","200.00","0.06","6.89","7.32","0.33","0.42","0.24","357.40","5.64","0.01","0.25","0.02","0.01","0.07","0.42","0.1","0.63","-0.2","359.99","-0.1","-0.10"
00:22:47,"5,174.00","-5,612.42","218.07",On,"220.20","3.7","60.000000","60.000000","103.000000","103.000000","95.000000","95.000000","0.00","0.00","3.00","3.00","0.000000","0.0","0.000000","0.0","5,262.00","14.01","6.79","6.77","7.50","6.95","0.51","250.00","15.40","200.00","22.41","348.60","1.30","200.00","0.06","6.89","7.33","0.33","0.42","0.23","357.43","5.65","0.01","0.25","0.02","-0.01","-0.05","0.46","0.1","0.63","-0.2","359.99","-0.0","-0.15"
00:22:48,"5,169.22","-5,617.99","218.13",On,"220.20","3.8","60.000000","60.000000","103.000000","103.000000","95.000000","95.000000","0.00","0.00","3.00","3.00","0.000000","0.0","0.000000","0.0","5,269.00","14.04","6.79","6.78","7.53","6.97","0.51","250.00","15.40","200.00","22.41","348.50","1.30","200.00","0.06","6.90","7.33","0.33","0.42","0.23","357.44","5.65","0.01","0.25","0.02","-0.00","0.04","0.50","0.1","0.62","-1.7","0.00","0.2","-0.12"
